Id,Url,Brand,Model,Region,Year,Engine,EngineVolume,Power,Transmission,Drive,Body,Color,Mileage,Wheel,Generation,Complectation,IsSold,Price
25013,https://moscow.drom.ru/ssang_yong/kyron/48969561.html,SsangYong,Kyron,Москва,2011,дизель,2.0,141,механика,4WD,,серый,196000,левый,"1 поколение, рестайлинг",2.0 Xdi AT 4WD Comfort+ ,0,675000
25014,https://moscow.drom.ru/ssang_yong/kyron/46994129.html,SsangYong,Kyron,Москва,2008,дизель,2.0,141,АКПП,4WD,,серый,87000,левый,"1 поколение, рестайлинг",2.0 Xdi AT 4WD Luxury ,0,599000
25015,https://moscow.drom.ru/ssang_yong/actyon/48259735.html,SsangYong,Actyon,Москва,2011,дизель,2.0,149,АКПП,4WD,,,102000,левый,2 поколение,2.0D AT 4WD Elegance+ ,0,669000
25016,https://moscow.drom.ru/ssang_yong/kyron/48008123.html,SsangYong,Kyron,Москва,2009,дизель,2.0,141,механика,4WD,,черный,103000,левый,"1 поколение, рестайлинг",2.0 Xdi MT 4WD Original ,0,699000
25017,https://moscow.drom.ru/ssang_yong/actyon/48089336.html,SsangYong,Actyon,Москва,2007,бензин,2.3,150,АКПП,4WD,,серый,97000,левый,1 поколение,,0,499000
25018,https://moscow.drom.ru/ssang_yong/kyron/47368215.html,SsangYong,Kyron,Москва,2008,дизель,2.0,141,АКПП,4WD,,черный,97000,левый,"1 поколение, рестайлинг",2.0 Xdi MT 4WD Original ,0,649000
25019,https://moscow.drom.ru/ssang_yong/kyron/44914211.html,SsangYong,Kyron,Москва,2007,дизель,2.0,141,АКПП,4WD,,бежевый,107000,левый,1 поколение,2.0 Xdi AT 4WD Luxury ,0,499000
25020,https://moscow.drom.ru/ssang_yong/rexton/44914258.html,SsangYong,Rexton,Москва,2008,дизель,2.7,163,АКПП,4WD,,черный,146000,левый,2 поколение,2.7 AT RX 270 Xdi,0,599000
25021,https://blagoveshchensk.drom.ru/ssang_yong/actyon/48625705.html,SsangYong,Actyon,Благовещенск,2011,дизель,2.0,175,АКПП,4WD,,красный,212000,левый,2 поколение,2.0D AT 4WD Premium ,0,700000
25022,https://moscow.drom.ru/ssang_yong/kyron/47043370.html,SsangYong,Kyron,Москва,2008,дизель,2.0,141,механика,4WD,,синий,109000,левый,"1 поколение, рестайлинг",2.0 Xdi MT 4WD Original ,0,609000
25023,https://moscow.drom.ru/ssang_yong/kyron/47849888.html,SsangYong,Kyron,Москва,2008,бензин,2.3,150,механика,4WD,,серый,87000,левый,"1 поколение, рестайлинг",2.3 MT 4WD Original ,1,599000
25024,https://moscow.drom.ru/ssang_yong/kyron/47483709.html,SsangYong,Kyron,Москва,2008,дизель,2.0,141,АКПП,4WD,,черный,86000,левый,"1 поколение, рестайлинг",2.0 Xdi AT 4WD Comfort+ ,0,679000
25025,https://moscow.drom.ru/ssang_yong/kyron/47043558.html,SsangYong,Kyron,Москва,2008,дизель,2.0,141,АКПП,4WD,,серебристый,71000,левый,"1 поколение, рестайлинг",2.0 Xdi AT 4WD Comfort+ ,0,599000
25026,https://ussuriisk.drom.ru/ssang_yong/kyron/48292799.html,SsangYong,Kyron,Уссурийск,2012,бензин,2.3,150,АКПП,4WD,,белый,105000,левый,"1 поколение, рестайлинг",2.3 AT 4WD Comfort+,0,729000
25027,https://omsk.drom.ru/ssang_yong/actyon/47958461.html,SsangYong,Actyon,Омск,2011,дизель,2.0,175,автомат,передний,,серебристый,100000,левый,,,0,700000
25028,https://moscow.drom.ru/ssang_yong/kyron/47958097.html,SsangYong,Kyron,Москва,2010,дизель,2.0,141,механика,4WD,,черный,165000,левый,"1 поколение, рестайлинг",,0,605000
25029,https://moscow.drom.ru/ssang_yong/actyon/47956303.html,SsangYong,Actyon,Москва,2012,дизель,2.0,175,АКПП,4WD,,серый,80113,левый,2 поколение,,0,799000
25030,https://noyabrsk.drom.ru/ssang_yong/kyron/47955222.html,SsangYong,Kyron,Ноябрьск,2008,дизель,2.0,141,АКПП,4WD,,серый,145250,левый,"1 поколение, рестайлинг",,0,450000
25031,https://bayanday.drom.ru/ssang_yong/istana/47954362.html,SsangYong,Istana,Баяндай,2001,дизел,,,,передний,,зеленый,350000,левый,,,0,190000
25032,https://novonukutskiy.drom.ru/ssang_yong/istana/47953148.html,SsangYong,Istana,Новонукутский,1997,дизель,2.9,95,механика,передний,,зеленый,560000,левый,,,0,130000
25033,https://chehov.drom.ru/ssang_yong/actyon/47952455.html,SsangYong,Actyon,Чехов,2011,дизель,2.0,149,АКПП,4WD,,красный,148000,левый,2 поколение,2.0D AT 4WD Elegance+ ,0,790000
25034,https://severobaykalsk.drom.ru/ssang_yong/kyron/47952393.html,SsangYong,Kyron,Северобайкальск,2010,бензин,2.3,150,АКПП,4WD,,бордовый,110000,левый,"1 поколение, рестайлинг",,0,745000
25035,https://habarovsk.drom.ru/ssang_yong/actyon/47951060.html,SsangYong,Actyon,Хабаровск,2011,дизель,2.0,149,АКПП,передний,,красный,100000,левый,2 поколение,2.0D AT 2WD Original ,0,620000
25036,https://syktyvkar.drom.ru/ssang_yong/rexton/47951279.html,SsangYong,Rexton,Сыктывкар,2007,дизель,2.7,165,автомат,4WD,,серебристый,189074,,,,0,720000
25037,https://nakhodka.drom.ru/ssang_yong/actyon/47950647.html,SsangYong,Actyon,Находка,2011,дизель,2.0,149,АКПП,4WD,,серебристый,144000,левый,2 поколение,,0,720000
25038,https://tayshet.drom.ru/ssang_yong/istana/47626315.html,SsangYong,Istana,Тайшет,2003,дизель,2.9,95,механика,передний,,серый,285000,левый,,,0,240000
25039,https://moscow.drom.ru/ssang_yong/kyron/47621969.html,SsangYong,Kyron,Москва,2014,дизель,2.0,141,АКПП,4WD,,голубой,157000,левый,"1 поколение, рестайлинг",,0,960000
25040,https://moscow.drom.ru/ssang_yong/kyron/47324583.html,SsangYong,Kyron,Москва,2014,бензин,2.3,150,АКПП,4WD,,серый,151000,левый,"1 поколение, рестайлинг",,0,755000
25041,https://irkutsk.drom.ru/ssang_yong/kyron/47286460.html,SsangYong,Kyron,Иркутск,2010,дизель,2.0,141,механика,4WD,,серебристый,67000,левый,"1 поколение, рестайлинг",2.0 Xdi MT 4WD Comfort ,0,750000
25042,https://salehard.drom.ru/ssang_yong/korando_family/47283849.html,,,,,,,,,,,,,,,,0,
25043,https://ulan-ude.drom.ru/ssang_yong/istana/47254550.html,SsangYong,Istana,Улан-Удэ,2002,дизель,2.9,95,механика,передний,,серый,655000,левый,,,0,370000
25044,https://spb.drom.ru/ssang_yong/rexton/47234935.html,SsangYong,Rexton,Санкт-Петербург,2009,дизель,2.7,186,АКПП,4WD,,черный,259959,левый,"2 поколение, рестайлинг",2.7 AT Outdoor Edition,0,775000
25045,https://kansk.drom.ru/ssang_yong/istana/46604196.html,SsangYong,Istana,Канск,2002,дизель,2.7,97,,передний,,зеленый,70000,левый,,,0,300000
25046,https://perm.drom.ru/ssang_yong/actyon/48986845.html,SsangYong,Actyon,Пермь,2008,бензин,2.3,150,АКПП,4WD,,серый,155000,левый,1 поколение,,0,490000
25047,https://kemerovo.drom.ru/ssang_yong/kyron/48118447.html,SsangYong,Kyron,Кемерово,2008,дизель,2.0,141,механика,4WD,,серебристый,118000,левый,"1 поколение, рестайлинг",2.0 Xdi MT 4WD,0,570000
25048,https://moscow.drom.ru/ssang_yong/kyron/48643296.html,SsangYong,Kyron,Москва,2013,бензин,2.3,150,АКПП,задний,,серый,78825,левый,"1 поколение, рестайлинг",,0,950000
25049,https://kolpashevo.drom.ru/ssang_yong/actyon/48986506.html,SsangYong,Actyon,Колпашево,2013,бензин,2.0,149,АКПП,передний,,красный,236000,левый,"2 поколение, рестайлинг",,0,915000
25050,https://biysk.drom.ru/ssang_yong/kyron/48986434.html,SsangYong,Kyron,Бийск,2010,бензин,2.3,150,АКПП,4WD,,серебристый,162821,левый,"1 поколение, рестайлинг",,0,830000
25051,https://volgograd.drom.ru/ssang_yong/kyron/48986189.html,SsangYong,Kyron,Волгоград,2010,дизель,2.0,141,АКПП,4WD,,черный,140000,левый,"1 поколение, рестайлинг",,0,690000
25052,https://omsk.drom.ru/ssang_yong/actyon_sports/48162110.html,SsangYong,Actyon Sports,Омск,2008,дизель,2.0,141,механика,4WD,,серебристый,254000,левый,1 поколение,,0,350000
25053,https://simferopol.drom.ru/ssang_yong/rexton/47757771.html,SsangYong,Rexton,Симферополь,2010,дизель,2.7,186,АКПП,4WD,,черный,198000,левый,2 поколение,2.7D AT Luxury ,0,750000
25054,https://biysk.drom.ru/ssang_yong/kyron/48301165.html,SsangYong,Kyron,Бийск,2008,бензин,2.3,150,АКПП,4WD,,черный,168000,левый,"1 поколение, рестайлинг",2.3 AT 4WD Comfort+,0,650000
25055,https://beloyarskiy-hmao.drom.ru/ssang_yong/kyron/47641859.html,SsangYong,Kyron,Белоярский,2008,дизель,2.0,141,АКПП,4WD,,серый,170000,левый,"1 поколение, рестайлинг",,0,555000
25056,https://nizhniy-novgorod.drom.ru/ssang_yong/actyon/47287626.html,SsangYong,Actyon,Нижний Новгород,2011,дизель,2.0,175,механика,4WD,,черный,124000,левый,,,1,699000
25057,https://moscow.drom.ru/ssang_yong/kyron/48984219.html,SsangYong,Kyron,Москва,2013,бензин,2.3,150,АКПП,4WD,,белый,236366,левый,"1 поколение, рестайлинг",,0,799000
25058,https://sevastopol.drom.ru/ssang_yong/rodius/48512119.html,SsangYong,Rodius,Севастополь,2008,дизель,2.7,165,АКПП,4WD,,черный,168000,левый,"1 поколение, рестайлинг",,0,620000
25059,https://usoliye-sibirskoe.drom.ru/ssang_yong/actyon_sports/48647495.html,SsangYong,Actyon Sports,Усолье-Сибирское,2009,дизель,2.0,145,АКПП,4WD,,белый,233000,левый,1 поколение,2.0 AT AX7 VISION,0,625000
25060,https://raychihinsk.drom.ru/ssang_yong/actyon/48643071.html,SsangYong,Actyon,Райчихинск,2011,дизель,2.0,175,механика,передний,,серый,260000,левый,,,0,800000
25061,https://svobodniy.drom.ru/ssang_yong/actyon_sports/48641329.html,SsangYong,Actyon Sports,Свободный,2008,дизель,2.0,145,АКПП,4WD,,серый,185000,левый,1 поколение,,0,470000
25062,https://novosibirsk.drom.ru/ssang_yong/korando/48299612.html,,,,,,,,,,,,,,,,0,
25063,https://tyumen.drom.ru/ssang_yong/kyron/48299039.html,SsangYong,Kyron,Тюмень,2008,дизель,2.0,141,механика,4WD,,серебристый,238000,левый,"1 поколение, рестайлинг",,0,500000
25064,https://petropavlovsk-kamchatskiy.drom.ru/ssang_yong/musso/48297628.html,SsangYong,Musso,Петропавловск-Камчатский,1995,дизель,2.9,120,механика,4WD,джип/suv 5 дв.,черный,320000,левый,1 поколение,2.9 TD MT,0,250000
25065,https://krasnokamensk.drom.ru/ssang_yong/istana/48293430.html,SsangYong,Istana,Краснокаменск,1999,дизель,2.9,95,механика,передний,,зеленый,310000,левый,,,0,419999
25066,https://nazarovo.drom.ru/ssang_yong/kyron/47775586.html,SsangYong,Kyron,Назарово,2010,дизель,2.0,141,АКПП,4WD,,бордовый,55000,левый,"1 поколение, рестайлинг",2.0 Xdi AT 4WD,0,800000
25067,https://safonovo.drom.ru/ssang_yong/kyron/47613366.html,SsangYong,Kyron,Сафоново,2010,дизель,2.0,141,механика,4WD,,черный,208500,левый,"1 поколение, рестайлинг",2.0 Xdi MT 4WD Comfort ,0,590000
25068,https://irkutsk.drom.ru/ssang_yong/kyron/47610714.html,SsangYong,Kyron,Иркутск,2011,дизель,2.0,141,механика,4WD,,белый,222000,левый,"1 поколение, рестайлинг",2.0 Xdi MT 4WD Comfort ,0,730000
25069,https://kurganinsk.drom.ru/ssang_yong/actyon/47609705.html,SsangYong,Actyon,Курганинск,2013,бензин,2.0,149,АКПП,передний,,серебристый,85000,левый,2 поколение,,1,930000
25070,https://kemerovo.drom.ru/ssang_yong/kyron/47604514.html,SsangYong,Kyron,Кемерово,2008,дизель,2.0,141,механика,4WD,,серебристый,200000,левый,"1 поколение, рестайлинг",2.0 Xdi MT 4WD Original ,0,605000
25071,https://novosibirsk.drom.ru/ssang_yong/rexton/47601845.html,SsangYong,Rexton,Новосибирск,2007,дизель,2.7,186,АКПП,4WD,,черный,320000,левый,2 поколение,,0,670000
25072,https://krasnoyarsk.drom.ru/ssang_yong/kyron/47601167.html,SsangYong,Kyron,Красноярск,2009,дизель,2.0,141,АКПП,4WD,,золотистый,137839,левый,"1 поколение, рестайлинг",2.0 Xdi AT 4WD,0,500000
25073,https://ishim.drom.ru/ssang_yong/actyon/47600038.html,SsangYong,Actyon,Ишим,2007,дизель,2.0,141,механика,4WD,,красный,199829,левый,1 поколение,2.0 Xdi MT Original,0,450000
25074,https://ekaterinburg.drom.ru/ssang_yong/actyon/47579823.html,SsangYong,Actyon,Екатеринбург,2013,дизель,2.0,149,АКПП,4WD,,белый,130000,левый,2 поколение,2.0D AT 4WD Premium ,0,860000
25075,https://beloyarskiy-hmao.drom.ru/ssang_yong/kyron/47573206.html,SsangYong,Kyron,Белоярский,2012,дизель,2.0,141,механика,4WD,,черный,211000,левый,"1 поколение, рестайлинг",,0,700000
25076,https://bodaibo.drom.ru/ssang_yong/musso/47261536.html,SsangYong,Musso,Бодайбо,2004,дизель,2.9,120,АКПП,4WD,джип/suv 5 дв.,черный,138017,левый,"1 поколение, рестайлинг",2.9 AT,0,550000
25077,https://krasnodar.drom.ru/ssang_yong/kyron/46912683.html,,,,,,,,,,,,,,,,0,
25078,https://nizhnyaya-omka.drom.ru/ssang_yong/actyon/46901989.html,SsangYong,Actyon,Нижняя Омка,2012,бензин,2.0,149,механика,передний,,серебристый,112000,левый,2 поколение,2.0 MT 2WD Comfort ,0,740000
25079,https://onguday.drom.ru/ssang_yong/istana/46906592.html,SsangYong,Istana,Онгудай,2000,дизель,2.9,,механика,передний,,зеленый,88395,левый,,,0,350000
25080,https://malino.drom.ru/ssang_yong/actyon/46512018.html,SsangYong,Actyon,Малино,2013,бензин,2.0,149,механика,передний,,серый,192737,левый,2 поколение,2.0 MT 2WD Original ,0,820000
25081,https://moscow.drom.ru/ssang_yong/kyron/46476484.html,SsangYong,Kyron,Москва,2011,дизель,2.0,141,механика,4WD,,красный,85000,левый,"1 поколение, рестайлинг",2.0 Xdi MT 4WD,0,660000
25082,https://moscow.drom.ru/ssang_yong/kyron/45956052.html,SsangYong,Kyron,Москва,2014,бензин,2.3,150,АКПП,4WD,,черный,112000,левый,"1 поколение, рестайлинг",,0,755000
25083,https://novorossiysk.drom.ru/ssang_yong/kyron/43653562.html,SsangYong,Kyron,Новороссийск,2012,дизель,2.0,141,АКПП,4WD,,белый,103621,левый,"1 поколение, рестайлинг",2.0 Xdi AT 4WD Luxury ,0,1299900
25084,https://komsomolsk.drom.ru/ssang_yong/actyon/42697350.html,,,,,,,,,,,,,,,,0,
25085,https://volgograd.drom.ru/ssang_yong/rexton/48974378.html,,,,,,,,,,,,,,,,0,
25086,https://krasnoyarsk.drom.ru/ssang_yong/musso/48702546.html,,,,,,,,,,,,,,,,0,
25087,https://kemerovo.drom.ru/ssang_yong/actyon/48734918.html,,,,,,,,,,,,,,,,0,
25088,https://kalachinsk-omsk.drom.ru/ssang_yong/kyron/48257976.html,,,,,,,,,,,,,,,,0,
25089,https://krasnodar.drom.ru/ssang_yong/kyron/48885070.html,,,,,,,,,,,,,,,,0,
25090,https://usoliye-sibirskoe.drom.ru/ssang_yong/istana/48612599.html,,,,,,,,,,,,,,,,0,
25091,https://kemerovo.drom.ru/ssang_yong/rexton/48607132.html,,,,,,,,,,,,,,,,0,
25092,https://moscow.drom.ru/ssang_yong/actyon/48953406.html,,,,,,,,,,,,,,,,0,
25093,https://novosibirsk.drom.ru/ssang_yong/actyon_sports/47389190.html,,,,,,,,,,,,,,,,0,
25094,https://vulkanniy.drom.ru/ssang_yong/actyon_sports/48952610.html,,,,,,,,,,,,,,,,0,
25095,https://vladivostok.drom.ru/ssang_yong/rexton_sports/48265783.html,,,,,,,,,,,,,,,,0,
25096,https://samara.drom.ru/ssang_yong/actyon/48616431.html,,,,,,,,,,,,,,,,0,
25097,https://kemerovo.drom.ru/ssang_yong/kyron/48614335.html,,,,,,,,,,,,,,,,0,
25098,https://slavyansk-na-kubani.drom.ru/ssang_yong/actyon_sports/48614120.html,,,,,,,,,,,,,,,,0,
25099,https://novosibirsk.drom.ru/ssang_yong/kyron/48613553.html,,,,,,,,,,,,,,,,0,
25100,https://barnaul.drom.ru/ssang_yong/kyron/48611900.html,,,,,,,,,,,,,,,,0,
25101,https://omsk.drom.ru/ssang_yong/rexton/48607481.html,,,,,,,,,,,,,,,,0,
25102,https://yalta.drom.ru/ssang_yong/actyon/48264384.html,,,,,,,,,,,,,,,,0,
25103,https://novosibirsk.drom.ru/ssang_yong/kyron/48263281.html,,,,,,,,,,,,,,,,0,
25104,https://spb.drom.ru/ssang_yong/actyon/48260512.html,,,,,,,,,,,,,,,,0,
25105,https://kiselevsk.drom.ru/ssang_yong/istana/47926228.html,,,,,,,,,,,,,,,,0,
25106,https://spb.drom.ru/ssang_yong/kyron/48939986.html,,,,,,,,,,,,,,,,0,
25107,https://sevastopol.drom.ru/ssang_yong/rexton/48938766.html,,,,,,,,,,,,,,,,0,
25108,https://ekaterinburg.drom.ru/ssang_yong/kyron/48938279.html,,,,,,,,,,,,,,,,0,
25109,https://novorossiysk.drom.ru/ssang_yong/actyon/48937895.html,,,,,,,,,,,,,,,,0,
25110,https://biysk.drom.ru/ssang_yong/korando_family/48506699.html,,,,,,,,,,,,,,,,0,
25111,https://moskovskiy.drom.ru/ssang_yong/actyon/48937406.html,,,,,,,,,,,,,,,,0,
25112,https://yevpatoriya.drom.ru/ssang_yong/actyon_sports/48936813.html,,,,,,,,,,,,,,,,0,
25113,https://komsomolsk.drom.ru/ssang_yong/actyon_sports/48936702.html,,,,,,,,,,,,,,,,0,
25114,https://polysaevo.drom.ru/ssang_yong/actyon_sports/48936608.html,,,,,,,,,,,,,,,,0,
25115,https://surgut.drom.ru/ssang_yong/rexton/48935634.html,,,,,,,,,,,,,,,,0,
25116,https://novosibirsk.drom.ru/ssang_yong/kyron/48854287.html,,,,,,,,,,,,,,,,0,
25117,https://salsk.drom.ru/ssang_yong/rexton/48934828.html,,,,,,,,,,,,,,,,0,
25118,https://korenovsk.drom.ru/ssang_yong/actyon_sports/48934074.html,,,,,,,,,,,,,,,,0,
25119,https://irkutsk.drom.ru/ssang_yong/actyon/48933803.html,,,,,,,,,,,,,,,,0,
25120,https://kachug.drom.ru/ssang_yong/istana/48933019.html,,,,,,,,,,,,,,,,0,
25121,https://tikhoretsk.drom.ru/ssang_yong/actyon/46457935.html,,,,,,,,,,,,,,,,0,
25122,https://omsk.drom.ru/ssang_yong/actyon/48207875.html,,,,,,,,,,,,,,,,0,
25123,https://habarovsk.drom.ru/ssang_yong/actyon_sports/48932098.html,,,,,,,,,,,,,,,,0,
25124,https://barnaul.drom.ru/ssang_yong/actyon/48185899.html,,,,,,,,,,,,,,,,0,
25125,https://krasnoufimsk.drom.ru/ssang_yong/actyon/48241627.html,,,,,,,,,,,,,,,,0,
25126,https://lipetsk.drom.ru/ssang_yong/kyron/48565951.html,,,,,,,,,,,,,,,,0,
25127,https://bay-haak.drom.ru/ssang_yong/istana/48563353.html,,,,,,,,,,,,,,,,0,
25128,https://salavat.drom.ru/ssang_yong/rexton/48219822.html,,,,,,,,,,,,,,,,0,
25129,https://chelyabinsk.drom.ru/ssang_yong/kyron/48218237.html,,,,,,,,,,,,,,,,0,
25130,https://moscow.drom.ru/ssang_yong/actyon_sports/48212126.html,,,,,,,,,,,,,,,,0,
25131,https://ulan-ude.drom.ru/ssang_yong/actyon_sports/47881083.html,,,,,,,,,,,,,,,,0,
25132,https://nizhniy-novgorod.drom.ru/ssang_yong/kyron/47878256.html,,,,,,,,,,,,,,,,0,
25133,https://berdsk.drom.ru/ssang_yong/actyon/47875013.html,,,,,,,,,,,,,,,,0,
25134,https://nerchinskiy-zavod.drom.ru/ssang_yong/actyon_sports/47540492.html,,,,,,,,,,,,,,,,0,
25135,https://ulan-ude.drom.ru/ssang_yong/istana/47536610.html,,,,,,,,,,,,,,,,0,
25136,https://podgornoe-tomsk.drom.ru/ssang_yong/kyron/47531118.html,,,,,,,,,,,,,,,,0,
25137,https://kirovgrad.drom.ru/ssang_yong/kyron/47525813.html,,,,,,,,,,,,,,,,0,
25138,https://surgut.drom.ru/ssang_yong/actyon/47351094.html,,,,,,,,,,,,,,,,0,
25139,https://kirov.drom.ru/ssang_yong/actyon/47214259.html,,,,,,,,,,,,,,,,0,
25140,https://ulan-ude.drom.ru/ssang_yong/istana/45099356.html,,,,,,,,,,,,,,,,0,
25141,https://ulan-ude.drom.ru/ssang_yong/istana/44472839.html,,,,,,,,,,,,,,,,0,
25142,https://sterlitamak.drom.ru/ssang_yong/kyron/48908282.html,,,,,,,,,,,,,,,,0,
25143,https://orenburg.drom.ru/ssang_yong/actyon/48561090.html,,,,,,,,,,,,,,,,0,
25144,https://yalta.drom.ru/ssang_yong/kyron/48908166.html,,,,,,,,,,,,,,,,0,
25145,https://spb.drom.ru/ssang_yong/actyon/48907855.html,,,,,,,,,,,,,,,,0,
25146,https://lesozavodsk.drom.ru/ssang_yong/actyon_sports/48221018.html,,,,,,,,,,,,,,,,0,
25147,https://ulan-ude.drom.ru/ssang_yong/kyron/48151210.html,,,,,,,,,,,,,,,,0,
25148,https://nizhniy-novgorod.drom.ru/ssang_yong/actyon/47894238.html,,,,,,,,,,,,,,,,0,
25149,https://prigorsk.drom.ru/ssang_yong/musso_sports/47893149.html,,,,,,,,,,,,,,,,0,
25150,https://irkutsk.drom.ru/ssang_yong/rexton/47891261.html,,,,,,,,,,,,,,,,0,
25151,https://novosibirsk.drom.ru/ssang_yong/actyon/47888244.html,,,,,,,,,,,,,,,,0,
25152,https://krasnokamensk.drom.ru/ssang_yong/kyron/47558289.html,,,,,,,,,,,,,,,,0,
25153,https://sochi.drom.ru/ssang_yong/actyon/47555836.html,,,,,,,,,,,,,,,,0,
25154,https://vladivostok.drom.ru/ssang_yong/actyon_sports/47551900.html,,,,,,,,,,,,,,,,0,
25155,https://irkutsk.drom.ru/ssang_yong/actyon_sports/47550323.html,,,,,,,,,,,,,,,,0,
25156,https://kansk.drom.ru/ssang_yong/kyron/47545532.html,,,,,,,,,,,,,,,,0,
25157,https://yevpatoriya.drom.ru/ssang_yong/actyon/47509192.html,,,,,,,,,,,,,,,,0,
25158,https://kiselevsk.drom.ru/ssang_yong/istana/47447847.html,,,,,,,,,,,,,,,,0,
25159,https://altayskoe.drom.ru/ssang_yong/kyron/47224854.html,,,,,,,,,,,,,,,,0,
25160,https://sayanogorsk.drom.ru/ssang_yong/kyron/47242668.html,,,,,,,,,,,,,,,,0,
25161,https://kedroviy-krsk.drom.ru/ssang_yong/rexton/47223569.html,,,,,,,,,,,,,,,,0,
25162,https://bratsk.drom.ru/ssang_yong/actyon/47017303.html,,,,,,,,,,,,,,,,0,
25163,https://irkutsk.drom.ru/ssang_yong/istana/46554181.html,,,,,,,,,,,,,,,,0,
25164,https://angarsk.drom.ru/ssang_yong/kyron/46202120.html,,,,,,,,,,,,,,,,0,
25165,https://moscow.drom.ru/ssang_yong/kyron/46207749.html,,,,,,,,,,,,,,,,0,
25166,https://raduzhniy-hanty.drom.ru/ssang_yong/rexton/45676713.html,,,,,,,,,,,,,,,,0,
25167,https://poltavskaya.drom.ru/ssang_yong/actyon/45424201.html,,,,,,,,,,,,,,,,0,
25168,https://novoaltaysk.drom.ru/ssang_yong/actyon/45295194.html,,,,,,,,,,,,,,,,0,
25169,https://gorno-altaysk.drom.ru/ssang_yong/istana/40262648.html,,,,,,,,,,,,,,,,0,
25170,https://moscow.drom.ru/ssang_yong/rexton/32921179.html,,,,,,,,,,,,,,,,0,
25171,https://moscow.drom.ru/ssang_yong/actyon/48917583.html,,,,,,,,,,,,,,,,0,
25172,https://korolev.drom.ru/ssang_yong/actyon/48917403.html,,,,,,,,,,,,,,,,0,
25173,https://orenburg.drom.ru/ssang_yong/actyon/48916739.html,,,,,,,,,,,,,,,,0,
25174,https://shahty.drom.ru/ssang_yong/actyon/48916446.html,,,,,,,,,,,,,,,,0,
25175,https://ulan-ude.drom.ru/ssang_yong/istana/48916322.html,,,,,,,,,,,,,,,,0,
25176,https://feodosiya.drom.ru/ssang_yong/actyon_sports/48595125.html,,,,,,,,,,,,,,,,0,
25177,https://samara.drom.ru/ssang_yong/rexton/48916204.html,,,,,,,,,,,,,,,,0,
25178,https://novosibirsk.drom.ru/ssang_yong/korando/48915085.html,,,,,,,,,,,,,,,,0,
25179,https://moscow.drom.ru/ssang_yong/kyron/48218673.html,,,,,,,,,,,,,,,,0,
25180,https://surgut.drom.ru/ssang_yong/actyon/47733870.html,,,,,,,,,,,,,,,,0,
25181,https://noyabrsk.drom.ru/ssang_yong/rexton/48914014.html,,,,,,,,,,,,,,,,0,
25182,https://chita.drom.ru/ssang_yong/kyron/48913068.html,,,,,,,,,,,,,,,,0,
25183,https://bichura.drom.ru/ssang_yong/istana/48912722.html,,,,,,,,,,,,,,,,0,
25184,https://nizhniy-novgorod.drom.ru/ssang_yong/actyon/48911798.html,,,,,,,,,,,,,,,,0,
25185,https://chita.drom.ru/ssang_yong/musso_sports/46059133.html,,,,,,,,,,,,,,,,0,
25186,https://salavat.drom.ru/ssang_yong/actyon/48241030.html,,,,,,,,,,,,,,,,0,
25187,https://moscow.drom.ru/ssang_yong/actyon/47130668.html,,,,,,,,,,,,,,,,0,
25188,https://ulan-ude.drom.ru/ssang_yong/istana/48929930.html,,,,,,,,,,,,,,,,0,
25189,https://krasnoyarsk.drom.ru/ssang_yong/istana/47531360.html,,,,,,,,,,,,,,,,0,
25190,https://ulan-ude.drom.ru/ssang_yong/istana/48929820.html,,,,,,,,,,,,,,,,0,
25191,https://blagoveshchensk.drom.ru/ssang_yong/actyon_sports/47867862.html,,,,,,,,,,,,,,,,0,
25192,https://yakutsk.drom.ru/ssang_yong/kyron/48929787.html,,,,,,,,,,,,,,,,0,
25193,https://vladivostok.drom.ru/ssang_yong/rexton_sports/48596506.html,,,,,,,,,,,,,,,,0,
25194,https://irkutsk.drom.ru/ssang_yong/actyon/48690980.html,,,,,,,,,,,,,,,,0,
25195,https://habarovsk.drom.ru/ssang_yong/actyon_sports/48911876.html,,,,,,,,,,,,,,,,0,
25196,https://kemerovo.drom.ru/ssang_yong/actyon/45590168.html,,,,,,,,,,,,,,,,0,
25197,https://ust-ilimsk.drom.ru/ssang_yong/istana/48595119.html,,,,,,,,,,,,,,,,0,
25198,https://pervouralsk.drom.ru/ssang_yong/rexton/48592906.html,,,,,,,,,,,,,,,,0,
25199,https://ust-ilimsk.drom.ru/ssang_yong/actyon_sports/48592458.html,,,,,,,,,,,,,,,,0,
25200,https://kinel.drom.ru/ssang_yong/actyon/48592110.html,,,,,,,,,,,,,,,,0,
25201,https://yaroslavl.drom.ru/ssang_yong/kyron/48591815.html,,,,,,,,,,,,,,,,0,
25202,https://sochi.drom.ru/ssang_yong/actyon/48590580.html,,,,,,,,,,,,,,,,0,
25203,https://krasnodar.drom.ru/ssang_yong/kyron/48589509.html,,,,,,,,,,,,,,,,0,
25204,https://zlatoust.drom.ru/ssang_yong/actyon_sports/48587402.html,,,,,,,,,,,,,,,,0,
25205,https://tomsk.drom.ru/ssang_yong/actyon_sports/48587322.html,,,,,,,,,,,,,,,,0,
25206,https://ufa.drom.ru/ssang_yong/actyon/48950981.html,,,,,,,,,,,,,,,,0,
25207,https://belgorod.drom.ru/ssang_yong/actyon/48950951.html,,,,,,,,,,,,,,,,0,
25208,https://omsk.drom.ru/ssang_yong/kyron/46778590.html,,,,,,,,,,,,,,,,0,
25209,https://moscow.drom.ru/ssang_yong/kyron/48950637.html,,,,,,,,,,,,,,,,0,
25210,https://barnaul.drom.ru/ssang_yong/actyon/48950075.html,,,,,,,,,,,,,,,,0,
25211,https://orehovo-zuevo.drom.ru/ssang_yong/actyon/48836431.html,,,,,,,,,,,,,,,,0,
25212,https://irkutsk.drom.ru/ssang_yong/actyon_sports/48949312.html,,,,,,,,,,,,,,,,0,
25213,https://pskov.drom.ru/ssang_yong/kyron/48947937.html,,,,,,,,,,,,,,,,0,
25214,https://spb.drom.ru/ssang_yong/kyron/48947525.html,,,,,,,,,,,,,,,,0,
25215,https://krasnoyarsk.drom.ru/ssang_yong/actyon/48947400.html,,,,,,,,,,,,,,,,0,
25216,https://gusinoozersk.drom.ru/ssang_yong/istana/48945930.html,,,,,,,,,,,,,,,,0,
25217,https://spb.drom.ru/ssang_yong/actyon/48945277.html,,,,,,,,,,,,,,,,0,
25218,https://spb.drom.ru/ssang_yong/actyon/48944499.html,,,,,,,,,,,,,,,,0,
25219,https://moscow.drom.ru/ssang_yong/actyon/48251609.html,,,,,,,,,,,,,,,,0,
25220,https://spb.drom.ru/ssang_yong/actyon/48943999.html,,,,,,,,,,,,,,,,0,
25221,https://irkutsk.drom.ru/ssang_yong/actyon/48204701.html,,,,,,,,,,,,,,,,0,
25222,https://chita.drom.ru/ssang_yong/istana/48942773.html,,,,,,,,,,,,,,,,0,
25223,https://dalnerechensk.drom.ru/ssang_yong/rodius/48942693.html,,,,,,,,,,,,,,,,0,
25224,https://maslyanino.drom.ru/ssang_yong/kyron/48294911.html,,,,,,,,,,,,,,,,0,
25225,https://chita.drom.ru/ssang_yong/actyon/48941807.html,,,,,,,,,,,,,,,,0,
25226,https://novosibirsk.drom.ru/ssang_yong/rexton/48414843.html,,,,,,,,,,,,,,,,0,
25227,https://kazan.drom.ru/ssang_yong/actyon/48907665.html,,,,,,,,,,,,,,,,0,
25228,https://moscow.drom.ru/ssang_yong/actyon/46411614.html,,,,,,,,,,,,,,,,0,
25229,https://moscow.drom.ru/ssang_yong/rexton/48907252.html,,,,,,,,,,,,,,,,0,
25230,https://nizhniy-novgorod.drom.ru/ssang_yong/kyron/48907146.html,,,,,,,,,,,,,,,,0,
25231,https://moscow.drom.ru/ssang_yong/actyon/48906347.html,,,,,,,,,,,,,,,,0,
25232,https://asbest.drom.ru/ssang_yong/actyon_sports/48905994.html,SsangYong,Actyon Sports,Асбест,2006,дизель,2.0,141,механика,4WD,,серебристый,160000,левый,1 поколение,,1,180000
25233,https://kutulik.drom.ru/ssang_yong/actyon/48905357.html,,,,,,,,,,,,,,,,0,
25234,https://gelendzhik.drom.ru/ssang_yong/istana/48904950.html,,,,,,,,,,,,,,,,0,
25235,https://ulan-ude.drom.ru/ssang_yong/actyon_sports/48871477.html,,,,,,,,,,,,,,,,0,
25236,https://moscow.drom.ru/ssang_yong/kyron/48903754.html,,,,,,,,,,,,,,,,0,
25237,https://krasnodar.drom.ru/ssang_yong/actyon/47092775.html,,,,,,,,,,,,,,,,0,
25238,https://barnaul.drom.ru/ssang_yong/actyon/46986882.html,,,,,,,,,,,,,,,,0,
25239,https://lobnya.drom.ru/ssang_yong/actyon_sports/48197014.html,,,,,,,,,,,,,,,,0,
25240,https://habarovsk.drom.ru/ssang_yong/kyron/48408536.html,,,,,,,,,,,,,,,,0,
25241,https://moscow.drom.ru/ssang_yong/actyon/48901690.html,,,,,,,,,,,,,,,,0,
25242,https://yakutsk.drom.ru/ssang_yong/kyron/48901014.html,,,,,,,,,,,,,,,,0,
25243,https://anzhero-sudzhensk.drom.ru/ssang_yong/istana/48135416.html,,,,,,,,,,,,,,,,0,
25244,https://barnaul.drom.ru/ssang_yong/kyron/48900511.html,,,,,,,,,,,,,,,,0,
25245,https://nakhodka.drom.ru/ssang_yong/actyon/48900059.html,,,,,,,,,,,,,,,,0,
25246,https://elizovo.drom.ru/ssang_yong/actyon_sports/47353283.html,,,,,,,,,,,,,,,,0,
25247,https://yakutsk.drom.ru/ssang_yong/actyon_sports/48585545.html,,,,,,,,,,,,,,,,0,
25248,https://vladivostok.drom.ru/ssang_yong/actyon/48621656.html,,,,,,,,,,,,,,,,0,
25249,https://magadan.drom.ru/ssang_yong/kyron/47235836.html,,,,,,,,,,,,,,,,0,
25250,https://murmansk.drom.ru/ssang_yong/musso/47539130.html,,,,,,,,,,,,,,,,0,
25251,https://moscow.drom.ru/ssang_yong/kyron/48940635.html,,,,,,,,,,,,,,,,0,
25252,https://voronezh.drom.ru/ssang_yong/kyron/48940610.html,,,,,,,,,,,,,,,,0,
25253,https://podolsk.drom.ru/ssang_yong/actyon/48603748.html,,,,,,,,,,,,,,,,0,
25254,https://sosnovoborsk.drom.ru/ssang_yong/kyron/48601285.html,,,,,,,,,,,,,,,,0,
25255,https://spb.drom.ru/ssang_yong/rexton/48599357.html,,,,,,,,,,,,,,,,0,
25256,https://irkutsk.drom.ru/ssang_yong/istana/48598266.html,,,,,,,,,,,,,,,,0,
25257,https://bratsk.drom.ru/ssang_yong/rexton/48596987.html,,,,,,,,,,,,,,,,0,
25258,https://petropavlovsk-kamchatskiy.drom.ru/ssang_yong/actyon/48596757.html,,,,,,,,,,,,,,,,0,
25259,https://barnaul.drom.ru/ssang_yong/kyron/48256076.html,,,,,,,,,,,,,,,,0,
25260,https://krasnoyarsk.drom.ru/ssang_yong/actyon/48255074.html,,,,,,,,,,,,,,,,0,
25261,https://tulun.drom.ru/ssang_yong/kyron/48254301.html,,,,,,,,,,,,,,,,0,
25262,https://chelyabinsk.drom.ru/ssang_yong/kyron/48252092.html,,,,,,,,,,,,,,,,0,
25263,https://zheleznogorsk-ilimskiy.drom.ru/ssang_yong/actyon_sports/48248709.html,,,,,,,,,,,,,,,,0,
25264,https://kirensk.drom.ru/ssang_yong/actyon_sports/48088724.html,,,,,,,,,,,,,,,,0,
25265,https://voskresensk.drom.ru/ssang_yong/actyon/47911359.html,,,,,,,,,,,,,,,,0,
25266,https://zlatoust.drom.ru/ssang_yong/actyon_sports/48587264.html,,,,,,,,,,,,,,,,0,
25267,https://tommot.drom.ru/ssang_yong/actyon_sports/48585715.html,,,,,,,,,,,,,,,,0,
25268,https://yaroslavl.drom.ru/ssang_yong/kyron/48929128.html,,,,,,,,,,,,,,,,0,
25269,https://dubrovka-lenobl.drom.ru/ssang_yong/actyon/48244698.html,,,,,,,,,,,,,,,,0,
25270,https://sevastopol.drom.ru/ssang_yong/kyron/48240540.html,,,,,,,,,,,,,,,,0,
25271,https://barnaul.drom.ru/ssang_yong/actyon/48238465.html,,,,,,,,,,,,,,,,0,
25272,https://ulan-ude.drom.ru/ssang_yong/rexton/48238512.html,,,,,,,,,,,,,,,,0,
25273,https://abakan.drom.ru/ssang_yong/actyon_sports/48238231.html,,,,,,,,,,,,,,,,0,
25274,https://habarovsk.drom.ru/ssang_yong/actyon_sports/48004105.html,,,,,,,,,,,,,,,,0,
25275,https://berdsk.drom.ru/ssang_yong/kyron/47903376.html,,,,,,,,,,,,,,,,0,
25276,https://tashtagol.drom.ru/ssang_yong/actyon/47902201.html,,,,,,,,,,,,,,,,0,
25277,https://habarovsk.drom.ru/ssang_yong/musso_sports/47900043.html,,,,,,,,,,,,,,,,0,
25278,https://spb.drom.ru/ssang_yong/actyon/47896153.html,,,,,,,,,,,,,,,,0,
25279,https://lenino-krym.drom.ru/ssang_yong/actyon/47872685.html,,,,,,,,,,,,,,,,0,
25280,https://kalga.drom.ru/ssang_yong/kyron/47564600.html,,,,,,,,,,,,,,,,0,
25281,https://yakutsk.drom.ru/ssang_yong/actyon/47287926.html,,,,,,,,,,,,,,,,0,
25282,https://vladivostok.drom.ru/ssang_yong/musso_sports/47231104.html,,,,,,,,,,,,,,,,0,
25283,https://dalnerechensk.drom.ru/ssang_yong/rexton/46739038.html,,,,,,,,,,,,,,,,0,
25284,https://minusinsk.drom.ru/ssang_yong/actyon/46714156.html,,,,,,,,,,,,,,,,0,
25285,https://krasnodar.drom.ru/ssang_yong/actyon/46143184.html,,,,,,,,,,,,,,,,0,
25286,https://chita.drom.ru/ssang_yong/kyron/48899959.html,,,,,,,,,,,,,,,,0,
25287,https://ulan-ude.drom.ru/ssang_yong/istana/48899300.html,,,,,,,,,,,,,,,,0,
25288,https://irkutsk.drom.ru/ssang_yong/actyon/48809778.html,,,,,,,,,,,,,,,,0,
25289,https://ussuriisk.drom.ru/ssang_yong/actyon_sports/48899199.html,,,,,,,,,,,,,,,,0,
25290,https://krasnokamensk.drom.ru/ssang_yong/istana/48819810.html,,,,,,,,,,,,,,,,0,
25291,https://habarovsk.drom.ru/ssang_yong/actyon_sports/48405717.html,,,,,,,,,,,,,,,,0,
25292,https://rostov-na-donu.drom.ru/ssang_yong/kyron/48560995.html,,,,,,,,,,,,,,,,0,
25293,https://ulan-ude.drom.ru/ssang_yong/istana/48557086.html,,,,,,,,,,,,,,,,0,
25294,https://ust-ilimsk.drom.ru/ssang_yong/istana/48556763.html,,,,,,,,,,,,,,,,0,
25295,https://yaroslavskaya.drom.ru/ssang_yong/actyon_sports/48554864.html,,,,,,,,,,,,,,,,0,
25296,https://shelehov.drom.ru/ssang_yong/actyon_sports/48553545.html,,,,,,,,,,,,,,,,0,
25297,https://kyzyl.drom.ru/ssang_yong/istana/48550029.html,,,,,,,,,,,,,,,,0,
25298,https://irkutsk.drom.ru/ssang_yong/kyron/48208100.html,,,,,,,,,,,,,,,,0,
25299,https://irkutsk.drom.ru/ssang_yong/kyron/48207045.html,,,,,,,,,,,,,,,,0,
25300,https://tomsk.drom.ru/ssang_yong/stavic/47873278.html,,,,,,,,,,,,,,,,0,
25301,https://irkutsk.drom.ru/ssang_yong/istana/47866064.html,,,,,,,,,,,,,,,,0,
25302,https://zverevo.drom.ru/ssang_yong/actyon/47830508.html,,,,,,,,,,,,,,,,0,
25303,https://saratov.drom.ru/ssang_yong/rexton/47535750.html,,,,,,,,,,,,,,,,0,
25304,https://balashiha.drom.ru/ssang_yong/actyon/47497579.html,,,,,,,,,,,,,,,,0,
25305,https://kerch.drom.ru/ssang_yong/actyon/47207006.html,,,,,,,,,,,,,,,,0,
25306,https://novosibirsk.drom.ru/ssang_yong/istana/47910656.html,,,,,,,,,,,,,,,,0,
25307,https://petropavlovsk-kamchatskiy.drom.ru/ssang_yong/istana/47908018.html,,,,,,,,,,,,,,,,0,
25308,https://komsomolsk.drom.ru/ssang_yong/korando/47905315.html,,,,,,,,,,,,,,,,0,
25309,https://petropavlovsk-kamchatskiy.drom.ru/ssang_yong/kyron/47904135.html,,,,,,,,,,,,,,,,0,
25310,https://yakutsk.drom.ru/ssang_yong/actyon_sports/47582331.html,,,,,,,,,,,,,,,,0,
25311,https://bratsk.drom.ru/ssang_yong/actyon_sports/47532674.html,,,,,,,,,,,,,,,,0,
25312,https://pervouralsk.drom.ru/ssang_yong/actyon/47237849.html,,,,,,,,,,,,,,,,0,
25313,https://krasnoyarsk.drom.ru/ssang_yong/kyron/47235862.html,,,,,,,,,,,,,,,,0,
25314,https://anapa.drom.ru/ssang_yong/actyon/47170111.html,,,,,,,,,,,,,,,,0,
25315,https://ekaterinburg.drom.ru/ssang_yong/actyon/47121419.html,,,,,,,,,,,,,,,,0,
25316,https://belgorod.drom.ru/ssang_yong/rexton/46934596.html,,,,,,,,,,,,,,,,0,
25317,https://magadan.drom.ru/ssang_yong/musso_sports/46835685.html,,,,,,,,,,,,,,,,0,
25318,https://kemerovo.drom.ru/ssang_yong/actyon/46660327.html,,,,,,,,,,,,,,,,0,
25319,https://novosibirsk.drom.ru/ssang_yong/actyon_sports/46592509.html,,,,,,,,,,,,,,,,0,
25320,https://zheleznogorsk-ilimskiy.drom.ru/ssang_yong/actyon/46532098.html,,,,,,,,,,,,,,,,0,
25321,https://novosibirsk.drom.ru/ssang_yong/actyon/45845610.html,,,,,,,,,,,,,,,,0,
25322,https://berezovskiy-kemer.drom.ru/ssang_yong/rexton/45703531.html,,,,,,,,,,,,,,,,0,
25323,https://biysk.drom.ru/ssang_yong/korando/45530117.html,,,,,,,,,,,,,,,,0,
25324,https://kachug.drom.ru/ssang_yong/actyon/45180222.html,,,,,,,,,,,,,,,,0,
25325,https://novosibirsk.drom.ru/ssang_yong/korando_family/48940303.html,,,,,,,,,,,,,,,,0,
25326,https://chita.drom.ru/ssang_yong/kyron/45707624.html,,,,,,,,,,,,,,,,0,
25327,https://cheboksary.drom.ru/ssang_yong/kyron/48426205.html,,,,,,,,,,,,,,,,0,
25328,https://nizhnegorskiy.drom.ru/ssang_yong/actyon/48513030.html,,,,,,,,,,,,,,,,0,
25329,https://sevastopol.drom.ru/ssang_yong/actyon/48928712.html,,,,,,,,,,,,,,,,0,
25330,https://moscow.drom.ru/ssang_yong/kyron/48928711.html,,,,,,,,,,,,,,,,0,
25331,https://izhevsk.drom.ru/ssang_yong/actyon/48928383.html,,,,,,,,,,,,,,,,0,
25332,https://irkutsk.drom.ru/ssang_yong/istana/48928042.html,,,,,,,,,,,,,,,,0,
25333,https://ekaterinburg.drom.ru/ssang_yong/actyon/48927667.html,,,,,,,,,,,,,,,,0,
25334,https://buguruslan.drom.ru/ssang_yong/actyon/44200497.html,,,,,,,,,,,,,,,,0,
25335,https://krasnodar.drom.ru/ssang_yong/musso/48927559.html,,,,,,,,,,,,,,,,0,
25336,https://kemerovo.drom.ru/ssang_yong/actyon_sports/48926867.html,,,,,,,,,,,,,,,,0,
25337,https://novosibirsk.drom.ru/ssang_yong/actyon/48926817.html,,,,,,,,,,,,,,,,0,
25338,https://korsakovo.drom.ru/ssang_yong/musso/48926656.html,,,,,,,,,,,,,,,,0,
25339,https://spb.drom.ru/ssang_yong/kyron/48926633.html,,,,,,,,,,,,,,,,0,
25340,https://moscow.drom.ru/ssang_yong/actyon_sports/48925885.html,,,,,,,,,,,,,,,,0,
25341,https://moscow.drom.ru/ssang_yong/kyron/48925248.html,,,,,,,,,,,,,,,,0,
25342,https://yaroslavl.drom.ru/ssang_yong/actyon_sports/48924821.html,,,,,,,,,,,,,,,,0,
25343,https://moscow.drom.ru/ssang_yong/actyon_sports/48759422.html,,,,,,,,,,,,,,,,0,
25344,https://habarovsk.drom.ru/ssang_yong/rexton/48116995.html,,,,,,,,,,,,,,,,0,
25345,https://istra.drom.ru/ssang_yong/actyon/48923795.html,,,,,,,,,,,,,,,,0,
25346,https://tobolsk.drom.ru/ssang_yong/rexton/47203278.html,,,,,,,,,,,,,,,,0,
25347,https://belogorsk.drom.ru/ssang_yong/actyon/47200760.html,,,,,,,,,,,,,,,,0,
25348,https://gusinoozersk.drom.ru/ssang_yong/actyon_sports/46958057.html,,,,,,,,,,,,,,,,0,
25349,https://irkutsk.drom.ru/ssang_yong/actyon_sports/46903642.html,,,,,,,,,,,,,,,,0,
25350,https://irkutsk.drom.ru/ssang_yong/kyron/46824983.html,,,,,,,,,,,,,,,,0,
25351,https://yurga.drom.ru/ssang_yong/actyon/46767829.html,,,,,,,,,,,,,,,,0,
25352,https://irkutsk.drom.ru/ssang_yong/actyon_sports/46494791.html,,,,,,,,,,,,,,,,0,
25353,https://krymsk.drom.ru/ssang_yong/actyon/46403304.html,,,,,,,,,,,,,,,,0,
25354,https://beloyarskiy-sverdlovsk.drom.ru/ssang_yong/actyon/46327828.html,,,,,,,,,,,,,,,,0,
25355,https://krasnoyarsk.drom.ru/ssang_yong/actyon_sports/46197256.html,,,,,,,,,,,,,,,,0,
25356,https://krasnodar.drom.ru/ssang_yong/kyron/46095933.html,,,,,,,,,,,,,,,,0,
25357,https://yakutsk.drom.ru/ssang_yong/istana/45889465.html,,,,,,,,,,,,,,,,0,
25358,https://omsk.drom.ru/ssang_yong/kyron/45268566.html,,,,,,,,,,,,,,,,0,
25359,https://izhevsk.drom.ru/ssang_yong/actyon/45090530.html,,,,,,,,,,,,,,,,0,
25360,https://ityk-kyuel.drom.ru/ssang_yong/actyon_sports/43573091.html,,,,,,,,,,,,,,,,0,
25361,https://blagoveshchensk.drom.ru/ssang_yong/korando_sports/29140193.html,,,,,,,,,,,,,,,,0,
25362,https://vladimir.drom.ru/ssang_yong/actyon/48898341.html,,,,,,,,,,,,,,,,0,
25363,https://emanzhelinsk.drom.ru/ssang_yong/actyon/48898286.html,,,,,,,,,,,,,,,,0,
25364,https://penza.drom.ru/ssang_yong/kyron/48898243.html,,,,,,,,,,,,,,,,0,
25365,https://orenburg.drom.ru/ssang_yong/actyon/48529472.html,,,,,,,,,,,,,,,,0,
25366,https://minusinsk.drom.ru/ssang_yong/kyron/48911189.html,,,,,,,,,,,,,,,,0,
25367,https://moscow.drom.ru/ssang_yong/kyron/48910811.html,,,,,,,,,,,,,,,,0,
25368,https://moscow.drom.ru/ssang_yong/kyron/48565258.html,,,,,,,,,,,,,,,,0,
25369,https://pyatigorsk.drom.ru/ssang_yong/kyron/48910769.html,,,,,,,,,,,,,,,,0,
25370,https://ekaterinburg.drom.ru/ssang_yong/actyon/48910676.html,,,,,,,,,,,,,,,,0,
25371,https://chita.drom.ru/ssang_yong/istana/46794159.html,,,,,,,,,,,,,,,,0,
25372,https://ulan-ude.drom.ru/ssang_yong/istana/48319308.html,,,,,,,,,,,,,,,,0,
25373,https://serov.drom.ru/ssang_yong/kyron/48749837.html,,,,,,,,,,,,,,,,0,
25374,https://sterlitamak.drom.ru/ssang_yong/actyon/45864723.html,,,,,,,,,,,,,,,,0,
25375,https://magadan.drom.ru/ssang_yong/kyron/47875173.html,,,,,,,,,,,,,,,,0,
25376,https://ulan-ude.drom.ru/ssang_yong/istana/48910010.html,,,,,,,,,,,,,,,,0,
25377,https://nizhniy-tagil.drom.ru/ssang_yong/kyron/48909955.html,,,,,,,,,,,,,,,,0,
25378,https://barnaul.drom.ru/ssang_yong/actyon/48909856.html,,,,,,,,,,,,,,,,0,
25379,https://ust-ilimsk.drom.ru/ssang_yong/istana/48909346.html,,,,,,,,,,,,,,,,0,
25380,https://irbit.drom.ru/ssang_yong/actyon_sports/48567839.html,,,,,,,,,,,,,,,,0,
25381,https://moscow.drom.ru/ssang_yong/rexton/48908464.html,,,,,,,,,,,,,,,,0,
25382,https://spb.drom.ru/ssang_yong/stavic/48572268.html,,,,,,,,,,,,,,,,0,
25383,https://yakutsk.drom.ru/ssang_yong/actyon_sports/48570143.html,,,,,,,,,,,,,,,,0,
25384,https://ufa.drom.ru/ssang_yong/kyron/48566176.html,,,,,,,,,,,,,,,,0,
25385,https://ufa.drom.ru/ssang_yong/actyon_sports/48566103.html,,,,,,,,,,,,,,,,0,
25386,https://novokuznetsk.drom.ru/ssang_yong/kyron/47899151.html,,,,,,,,,,,,,,,,0,
25387,https://tyumen.drom.ru/ssang_yong/actyon/48906743.html,,,,,,,,,,,,,,,,0,
25388,https://krasnoyarsk.drom.ru/ssang_yong/istana/48224217.html,,,,,,,,,,,,,,,,0,
25389,https://obninsk.drom.ru/ssang_yong/rexton/48583434.html,,,,,,,,,,,,,,,,0,
25390,https://krasnoturinsk.drom.ru/ssang_yong/actyon/48582229.html,,,,,,,,,,,,,,,,0,
25391,https://shilka.drom.ru/ssang_yong/istana/48582114.html,,,,,,,,,,,,,,,,0,
25392,https://biysk.drom.ru/ssang_yong/actyon/48580888.html,,,,,,,,,,,,,,,,0,
25393,https://salavat.drom.ru/ssang_yong/actyon/48580647.html,,,,,,,,,,,,,,,,0,
25394,https://ufa.drom.ru/ssang_yong/kyron/48576620.html,,,,,,,,,,,,,,,,0,
25395,https://ulan-ude.drom.ru/ssang_yong/istana/48575581.html,,,,,,,,,,,,,,,,0,
25396,https://ekaterinburg.drom.ru/ssang_yong/rexton/48575159.html,,,,,,,,,,,,,,,,0,
25397,https://omsk.drom.ru/ssang_yong/korando/48575131.html,,,,,,,,,,,,,,,,0,
25398,https://tver.drom.ru/ssang_yong/kyron/48573569.html,,,,,,,,,,,,,,,,0,
25399,https://kokoshkino.drom.ru/ssang_yong/kyron/48233081.html,,,,,,,,,,,,,,,,0,
25400,https://novotroitsk.drom.ru/ssang_yong/actyon/48232665.html,,,,,,,,,,,,,,,,0,
25401,https://almetievsk.drom.ru/ssang_yong/actyon/48232373.html,,,,,,,,,,,,,,,,0,
25402,https://novosibirsk.drom.ru/ssang_yong/kyron/48229953.html,,,,,,,,,,,,,,,,0,
25403,https://chelyabinsk.drom.ru/ssang_yong/actyon/48223664.html,,,,,,,,,,,,,,,,0,
25404,https://khanty-mansiysk.drom.ru/ssang_yong/kyron/48223465.html,,,,,,,,,,,,,,,,0,
25405,https://samara.drom.ru/ssang_yong/kyron/48223475.html,,,,,,,,,,,,,,,,0,
25406,https://novorossiysk.drom.ru/ssang_yong/rodius/48923337.html,,,,,,,,,,,,,,,,0,
25407,https://habarovsk.drom.ru/ssang_yong/kyron/48923120.html,,,,,,,,,,,,,,,,0,
25408,https://nakhodka.drom.ru/ssang_yong/rexton_sports/48922131.html,,,,,,,,,,,,,,,,0,
25409,https://omsk.drom.ru/ssang_yong/korando/48922151.html,,,,,,,,,,,,,,,,0,
25410,https://beloyarskiy-hmao.drom.ru/ssang_yong/korando/45062345.html,,,,,,,,,,,,,,,,0,
25411,https://ekaterinburg.drom.ru/ssang_yong/kyron/48921797.html,,,,,,,,,,,,,,,,0,
25412,https://selenginsk.drom.ru/ssang_yong/istana/48921662.html,,,,,,,,,,,,,,,,0,
25413,https://tyumen.drom.ru/ssang_yong/actyon/48921493.html,,,,,,,,,,,,,,,,0,
25414,https://habarovsk.drom.ru/ssang_yong/actyon_sports/48555391.html,,,,,,,,,,,,,,,,0,
25415,https://moscow.drom.ru/ssang_yong/rexton/48921056.html,SsangYong,Rexton,Москва,2012,дизель,2.7,163,автомат,4WD,,серый,160000,левый,,,1,610000
25416,https://ulan-ude.drom.ru/ssang_yong/istana/48170108.html,,,,,,,,,,,,,,,,0,
25417,https://krasnoyarsk.drom.ru/ssang_yong/kyron/48920192.html,,,,,,,,,,,,,,,,0,
25418,https://omsk.drom.ru/ssang_yong/rexton/48920135.html,,,,,,,,,,,,,,,,0,
25419,https://krasnoyarsk.drom.ru/ssang_yong/actyon/48919842.html,,,,,,,,,,,,,,,,0,
25420,https://nakhodka.drom.ru/ssang_yong/rexton/48919610.html,,,,,,,,,,,,,,,,0,
25421,https://tyumen.drom.ru/ssang_yong/rexton/47953965.html,,,,,,,,,,,,,,,,0,
25422,https://chita.drom.ru/ssang_yong/rexton/48919442.html,,,,,,,,,,,,,,,,0,
25423,https://omsk.drom.ru/ssang_yong/actyon/48919413.html,,,,,,,,,,,,,,,,0,
25424,https://nizhniy-novgorod.drom.ru/ssang_yong/stavic/47890474.html,,,,,,,,,,,,,,,,0,
25425,https://odintsovo.drom.ru/ssang_yong/rexton/47154087.html,,,,,,,,,,,,,,,,0,
25426,https://yugorsk.drom.ru/ssang_yong/kyron/48547300.html,,,,,,,,,,,,,,,,0,
25427,https://spb.drom.ru/ssang_yong/actyon/48547139.html,,,,,,,,,,,,,,,,0,
25428,https://seversk.drom.ru/ssang_yong/kyron/48546168.html,,,,,,,,,,,,,,,,0,
25429,https://yalta.drom.ru/ssang_yong/actyon/48546111.html,,,,,,,,,,,,,,,,0,
25430,https://krasnodar.drom.ru/ssang_yong/actyon/48546043.html,,,,,,,,,,,,,,,,0,
25431,https://kazan.drom.ru/ssang_yong/kyron/48543612.html,,,,,,,,,,,,,,,,0,
25432,https://novokuznetsk.drom.ru/ssang_yong/korando/48542792.html,,,,,,,,,,,,,,,,0,
25433,https://nefteyugansk.drom.ru/ssang_yong/korando/48541472.html,,,,,,,,,,,,,,,,0,
25434,https://klin.drom.ru/ssang_yong/actyon/48541427.html,,,,,,,,,,,,,,,,0,
25435,https://habarovsk.drom.ru/ssang_yong/rexton/48540013.html,,,,,,,,,,,,,,,,0,
25436,https://velikiy-novgorod.drom.ru/ssang_yong/actyon_sports/48538926.html,,,,,,,,,,,,,,,,0,
25437,https://perm.drom.ru/ssang_yong/actyon/48538675.html,,,,,,,,,,,,,,,,0,
25438,https://sayansk.drom.ru/ssang_yong/istana/48538466.html,,,,,,,,,,,,,,,,0,
25439,https://angarsk.drom.ru/ssang_yong/kyron/48538241.html,,,,,,,,,,,,,,,,0,
25440,https://ufa.drom.ru/ssang_yong/kyron/48205711.html,,,,,,,,,,,,,,,,0,
25441,https://moscow.drom.ru/ssang_yong/kyron/48070855.html,,,,,,,,,,,,,,,,0,
25442,https://ust-ilimsk.drom.ru/ssang_yong/istana/47852072.html,,,,,,,,,,,,,,,,0,
25443,https://krasnoyarsk.drom.ru/ssang_yong/musso_sports/47851950.html,,,,,,,,,,,,,,,,0,
25444,https://sochi.drom.ru/ssang_yong/actyon_sports/47723077.html,,,,,,,,,,,,,,,,0,
25445,https://novorossiysk.drom.ru/ssang_yong/kyron/47527174.html,,,,,,,,,,,,,,,,0,
25446,https://shchelkovo.drom.ru/ssang_yong/kyron/47526506.html,,,,,,,,,,,,,,,,0,
25447,https://lesosibirsk.drom.ru/ssang_yong/korando/47519046.html,,,,,,,,,,,,,,,,0,
25448,https://ulan-ude.drom.ru/ssang_yong/kyron/47237037.html,,,,,,,,,,,,,,,,0,
25449,https://omsk.drom.ru/ssang_yong/actyon/47195941.html,,,,,,,,,,,,,,,,0,
25450,https://saratov.drom.ru/ssang_yong/actyon/47193709.html,,,,,,,,,,,,,,,,0,
25451,https://samara.drom.ru/ssang_yong/actyon/47115673.html,,,,,,,,,,,,,,,,0,
25452,https://chelyabinsk.drom.ru/ssang_yong/actyon_sports/47101076.html,SsangYong,Actyon Sports,Челябинск,2006,дизель,2.0,141,механика,4WD,,красный,280000,левый,1 поколение,2.0 Xdi MT Comfort P20M03,0,275000
25453,https://sayansk.drom.ru/ssang_yong/istana/47067094.html,,,,,,,,,,,,,,,,0,
25454,https://elantsy.drom.ru/ssang_yong/istana/46800326.html,SsangYong,Istana,Еланцы,2000,,,,,,,голубой,250000,левый,,,0,270000
25455,https://moscow.drom.ru/ssang_yong/kyron/46308861.html,,,,,,,,,,,,,,,,0,
25456,https://ulan-ude.drom.ru/ssang_yong/istana/46154148.html,SsangYong,Istana,Улан-Удэ,2000,дизель,2.9,95,механика,передний,,зеленый,200000,левый,,,0,249000
25457,https://tomsk.drom.ru/ssang_yong/actyon/45906222.html,SsangYong,Actyon,Томск,2013,дизель,2.0,149,АКПП,4WD,,серый,53431,левый,2 поколение,2.0D AT 4WD Elegance+ ,0,1050000
25458,https://shahty.drom.ru/ssang_yong/korando/45851656.html,SsangYong,Korando,Шахты,1993,дизель,2.1,101,механика,4WD,джип/suv 3 дв.,черный,80000,левый,,,0,420000
25459,https://rebriha.drom.ru/ssang_yong/actyon/45406804.html,SsangYong,Actyon,Ребриха,2011,дизель,2.0,175,механика,передний,,черный,190000,левый,,,1,600000
25460,https://ufa.drom.ru/ssang_yong/actyon_sports/45191444.html,SsangYong,Actyon Sports,Уфа,2012,дизель,2.0,149,механика,4WD,,белый,170730,левый,"1 поколение, рестайлинг",,0,902990
25461,https://tomsk.drom.ru/ssang_yong/kyron/39174574.html,SsangYong,Kyron,Томск,2008,дизель,2.0,141,механика,4WD,,серебристый,1000,левый,"1 поколение, рестайлинг",2.0 Xdi MT 4WD,0,750000
25462,https://armavir.drom.ru/ssang_yong/kyron/48887093.html,SsangYong,Kyron,Армавир,2007,дизель,2.0,141,АКПП,4WD,,черный,350000,левый,1 поколение,2.0 Xdi AT 4WD Comfort,0,295000
25463,https://spb.drom.ru/ssang_yong/kyron/48886997.html,SsangYong,Kyron,Санкт-Петербург,2008,дизель,2.0,141,механика,4WD,,голубой,290000,левый,"1 поколение, рестайлинг",2.0 Xdi MT 4WD Original ,0,450000
25464,https://cheboksary.drom.ru/ssang_yong/actyon/47845075.html,SsangYong,Actyon,Чебоксары,2011,дизель,2.0,149,механика,передний,,серый,131000,левый,2 поколение,,1,760000
25465,https://perm.drom.ru/ssang_yong/actyon/48886691.html,SsangYong,Actyon,Пермь,2012,бензин,2.0,149,АКПП,передний,,серый,56500,левый,2 поколение,,1,1090000
25466,https://slavyansk-na-kubani.drom.ru/ssang_yong/actyon_sports/48890900.html,SsangYong,Actyon Sports,Славянск-На-Кубани,2010,дизель,2.0,145,АКПП,4WD,,черный,77000,левый,1 поколение,,1,887000
25467,https://cheremhovo.drom.ru/ssang_yong/actyon_sports/48889780.html,SsangYong,Actyon Sports,Черемхово,2006,дизель,2.0,141,механика,4WD,,серый,182000,левый,1 поколение,2.0 Xdi MT Original P23M02,1,400000
25468,https://habarovsk.drom.ru/ssang_yong/rexton_sports/48890756.html,SsangYong,Rexton Sports,Хабаровск,2021,дизель,2.2,181,автомат,4WD,,серый,12745,левый,,,0,3250000
25469,https://bratsk.drom.ru/ssang_yong/kyron/46777705.html,SsangYong,Kyron,Братск,2013,дизель,2.0,141,АКПП,4WD,,серебристый,178292,левый,"1 поколение, рестайлинг",,0,575000
25470,https://obninsk.drom.ru/ssang_yong/actyon/48890506.html,SsangYong,Actyon,Обнинск,2011,дизель,2.0,175,АКПП,4WD,,черный,219000,левый,2 поколение,2.0D AT 4WD Premium ,0,850000
25471,https://habarovsk.drom.ru/ssang_yong/rexton_sports/48890425.html,SsangYong,Rexton Sports,Хабаровск,2021,дизель,2.2,181,автомат,4WD,,зеленый,8742,левый,,,0,3300000
25472,https://barnaul.drom.ru/ssang_yong/actyon/48890262.html,SsangYong,Actyon,Барнаул,2011,дизель,2.0,149,механика,4WD,,черный,157000,левый,2 поколение,,0,700000
25473,https://barnaul.drom.ru/ssang_yong/kyron/48118721.html,SsangYong,Kyron,Барнаул,2013,дизель,2.0,141,АКПП,4WD,,черный,108000,левый,"1 поколение, рестайлинг",,1,715000
25474,https://ussuriisk.drom.ru/ssang_yong/actyon_sports/46435268.html,SsangYong,Actyon Sports,Уссурийск,2012,дизель,2.0,141,АКПП,4WD,,серебристый,210000,левый,1 поколение,2.0 Xdi AT Elegance P20A22,0,200000
25475,https://kochubeevskoe.drom.ru/ssang_yong/kyron/47520937.html,SsangYong,Kyron,Кочубеевское,2006,дизель,2.0,141,механика,задний,,серый,222000,левый,1 поколение,,0,510000
25476,https://sterlitamak.drom.ru/ssang_yong/actyon/48192856.html,SsangYong,Actyon,Стерлитамак,2012,дизель,2.0,149,механика,передний,,черный,112000,левый,2 поколение,2.0D MT 2WD Original ,0,750000
25477,https://kemerovo.drom.ru/ssang_yong/actyon/48545937.html,SsangYong,Actyon,Кемерово,2014,бензин,2.0,149,АКПП,4WD,,серый,62000,левый,"2 поколение, рестайлинг",2.0 AT 4WD Red Line,1,980000
25478,https://birobidzhan.drom.ru/ssang_yong/kyron/46390015.html,SsangYong,Kyron,Биробиджан,2013,бензин,2.3,150,механика,4WD,,серый,160184,левый,"1 поколение, рестайлинг",2.3 MT 4WD Original ,0,615000
25479,https://poykovskiy.drom.ru/ssang_yong/kyron/48889165.html,SsangYong,Kyron,Пойковский,2013,бензин,2.3,150,АКПП,4WD,,серебристый,181000,левый,"1 поколение, рестайлинг",,1,777000
25480,https://lesosibirsk.drom.ru/ssang_yong/kyron/48543280.html,SsangYong,Kyron,Лесосибирск,2013,бензин,2.3,150,механика,4WD,,серебристый,63398,левый,"1 поколение, рестайлинг",2.3 MT 4WD Original ,0,900000
25481,https://ulan-ude.drom.ru/ssang_yong/istana/48223342.html,SsangYong,Istana,Улан-Удэ,2001,дизель,2.9,95,механика,передний,,зеленый,290000,левый,,,0,395000
25482,https://ivanovo.drom.ru/ssang_yong/actyon/48887964.html,SsangYong,Actyon,Иваново,2012,дизель,2.0,149,автомат,4WD,,серый,95198,,,,0,970000
25483,https://amursk.drom.ru/ssang_yong/actyon_sports/48887746.html,SsangYong,Actyon Sports,Амурск,2008,дизель,2.0,145,АКПП,4WD,,серый,83000,левый,1 поколение,2.0 AT AX7 VISION,1,390000
25484,https://ussuriisk.drom.ru/ssang_yong/rexton/48547678.html,SsangYong,Rexton,Уссурийск,2018,дизель,2.2,181,АКПП,4WD,,черный,25000,левый,4 поколение,2.2T D AT AWD,0,2380000
25485,https://moscow.drom.ru/ssang_yong/kyron/48548609.html,SsangYong,Kyron,Москва,2010,дизель,2.0,141,АКПП,4WD,,черный,146000,левый,"1 поколение, рестайлинг",,0,749900
25486,https://moscow.drom.ru/ssang_yong/kyron/48897330.html,SsangYong,Kyron,Москва,2012,дизель,2.0,141,АКПП,4WD,,черный,136000,левый,"1 поколение, рестайлинг",2.0 Xdi AT 4WD Comfort+ ,1,745000
25487,https://kyahta.drom.ru/ssang_yong/istana/48897323.html,SsangYong,Istana,Кяхта,2000,дизел,,,механика,передний,,серебристый,295777,левый,,,0,350000
25488,https://cheremhovo.drom.ru/ssang_yong/rexton/48897297.html,SsangYong,Rexton,Черемхово,2006,бензин,3.2,220,АКПП,4WD,,,179542,левый,"1 поколение, рестайлинг",3.2 AT RX 320,0,540000
25489,https://moscow.drom.ru/ssang_yong/stavic/48897247.html,SsangYong,Stavic,Москва,2013,дизель,2.0,149,АКПП,4WD,,серебристый,179135,левый,2 поколение,,0,1345000
25490,https://moscow.drom.ru/ssang_yong/stavic/48897084.html,SsangYong,Stavic,Москва,2014,дизель,2.0,149,АКПП,4WD,,черный,214848,левый,2 поколение,,0,1205000
25491,https://moscow.drom.ru/ssang_yong/rexton/48896485.html,SsangYong,Rexton,Москва,2012,дизель,2.7,163,АКПП,4WD,,белый,181029,левый,2 поколение,2.7 AT RX 270 Xdi,0,1095000
25492,https://buzuluk.drom.ru/ssang_yong/actyon/48535951.html,SsangYong,Actyon,Бузулук,2011,дизель,2.0,149,АКПП,передний,,белый,128000,левый,2 поколение,,0,720000
25493,https://blagoveshchensk.drom.ru/ssang_yong/rexton/48894543.html,SsangYong,Rexton,Благовещенск,2011,дизель,2.7,163,АКПП,4WD,,черный,163052,левый,2 поколение,2.7 AT RX 270 Xdi,0,790000
25494,https://kuragino.drom.ru/ssang_yong/korando_sports/48895545.html,SsangYong,Korando Sports,Курагино,2012,дизель,2.0,155,АКПП,4WD,,синий,134000,левый,1 поколение,2.0 AT 4WD,0,1100000
25495,https://moscow.drom.ru/ssang_yong/kyron/48895344.html,SsangYong,Kyron,Москва,2014,дизель,2.0,141,АКПП,4WD,,черный,112352,левый,"1 поколение, рестайлинг",,0,1005000
25496,https://shahty.drom.ru/ssang_yong/actyon/48894789.html,SsangYong,Actyon,Шахты,2013,бензин,2.0,149,АКПП,передний,,черный,124500,левый,2 поколение,,0,995000
25497,https://moscow.drom.ru/ssang_yong/actyon_sports/48894780.html,SsangYong,Actyon Sports,Москва,2012,дизель,2.0,141,механика,4WD,,серебристый,188133,левый,1 поколение,,0,635000
25498,https://omsk.drom.ru/ssang_yong/rexton/45874794.html,SsangYong,Rexton,Омск,2006,бензин,3.2,220,АКПП,4WD,,черный,250000,левый,"1 поколение, рестайлинг",3.2 AT RX 320 Dynamic,0,500000
25499,https://barsovo.drom.ru/ssang_yong/kyron/48736286.html,SsangYong,Kyron,Барсово,2012,дизель,2.0,141,АКПП,4WD,,серебристый,91000,левый,"1 поколение, рестайлинг",2.0 Xdi AT 4WD Original ,1,700000
25500,https://novosibirsk.drom.ru/ssang_yong/actyon/48306922.html,SsangYong,Actyon,Новосибирск,2012,бензин,2.0,149,механика,передний,,голубой,129450,левый,2 поколение,2.0 MT 2WD Elegance ,0,800000
25501,https://biysk.drom.ru/ssang_yong/actyon_sports/48892245.html,SsangYong,Actyon Sports,Бийск,2011,дизель,2.0,145,АКПП,4WD,,серый,200000,левый,1 поколение,2.0 AT AX7 PASSION,0,535000
25502,https://novosibirsk.drom.ru/ssang_yong/korando/48891747.html,SsangYong,Korando,Новосибирск,2002,дизель,2.3,101,АКПП,4WD,джип/suv 3 дв.,белый,235000,левый,2 поколение,2.3TD AT DLX,1,220000
25503,https://kachug.drom.ru/ssang_yong/istana/48891689.html,SsangYong,Istana,Качуг,2002,дизель,2.9,95,механика,передний,,белый,450000,левый,,,1,550000
25504,https://shahty.drom.ru/ssang_yong/actyon/47826196.html,SsangYong,Actyon,Шахты,2014,бензин,2.0,149,механика,передний,,серый,,левый,"2 поколение, рестайлинг",,0,930000
25505,https://tyumen.drom.ru/ssang_yong/kyron/47202139.html,SsangYong,Kyron,Тюмень,2012,дизель,2.0,141,АКПП,4WD,,серебристый,137000,левый,"1 поколение, рестайлинг",2.0 Xdi AT 4WD Comfort+ ,0,750000
35219,https://novosibirsk.drom.ru/subaru/forester/47987487.html,Subaru,Forester,Новосибирск,2000,бензин,2.0,240,механика,4WD,,серый,345500,правый,"1 поколение, рестайлинг",2.0 S/tb 4WD,0,420000
35220,https://nikolaevsk-na-amure.drom.ru/subaru/legacy_b4/47861489.html,Subaru,Legacy B4,Николаевск-На-Амуре,2001,бензин,2.5,170,АКПП,4WD,,серый,257000,правый,"3 поколение, рестайлинг",2.5 B4 RS25,0,300000
35221,https://krasnozerskoe.drom.ru/subaru/impreza/47771307.html,Subaru,Impreza,Краснозёрское,2004,бензин,1.5,100,АКПП,передний,седан,серый,277000,правый,"2 поколение, рестайлинг",,0,420000
35222,https://krasnoyarsk.drom.ru/subaru/legacy/47770493.html,Subaru,Legacy,Красноярск,2003,бензин,2.0,140,АКПП,4WD,универсал,синий,180000,правый,4 поколение,,0,780000
35223,https://irkutsk.drom.ru/subaru/outback/47768622.html,Subaru,Outback,Иркутск,2003,бензин,3.0,250,АКПП,4WD,универсал,белый,220000,правый,3 поколение,3.0 Outback R,0,780000
35224,https://irkutsk.drom.ru/subaru/forester/47768062.html,Subaru,Forester,Иркутск,2004,бензин,2.0,137,механика,4WD,,желтый,100000,правый,2 поколение,,0,1000000
35225,https://krasnoyarsk.drom.ru/subaru/traviq/47767324.html,Subaru,Traviq,Красноярск,2001,бензин,2.2,147,АКПП,передний,,белый,160000,правый,1 поколение,2.2,0,340000
35226,https://barnaul.drom.ru/subaru/impreza/47766071.html,Subaru,Impreza,Барнаул,2001,бензин,1.5,100,механика,передний,универсал,бордовый,250000,правый,2 поколение,1.5 sports wagon I's,0,299999
35227,https://habarovsk.drom.ru/subaru/traviq/47523572.html,Subaru,Traviq,Хабаровск,2001,бензин,2.2,147,АКПП,передний,,серый,186000,правый,1 поколение,2.2 L package,0,310000
35228,https://tomsk.drom.ru/subaru/forester/47436688.html,Subaru,Forester,Томск,2002,бензин,2.5,165,АКПП,4WD,,красный,378000,левый,2 поколение,2.5XS AT,0,550000
35229,https://komsomolsk.drom.ru/subaru/impreza/47434839.html,Subaru,Impreza,Комсомольск-на-Амуре,2004,бензин,1.5,100,АКПП,4WD,седан,белый,236119,правый,"2 поколение, рестайлинг",1.5 15i,0,330000
35230,https://krasnoyarsk.drom.ru/subaru/forester/47092881.html,Subaru,Forester,Красноярск,2002,бензин,2.0,220,АКПП,4WD,,серебристый,410000,правый,2 поколение,2.0 Cross Sports,1,657000
35231,https://artem.drom.ru/subaru/impreza/46997495.html,Subaru,Impreza,Артём,2003,бензин,1.5,100,АКПП,4WD,универсал,красный,234000,правый,"2 поколение, рестайлинг",,0,300000
35232,https://vladivostok.drom.ru/subaru/forester/46640340.html,Subaru,Forester,Владивосток,2000,бензин,2.0,240,АКПП,4WD,,черный,186000,правый,"1 поколение, рестайлинг",2.0 S/tb 4WD,0,440000
35233,https://orenburg.drom.ru/subaru/legacy/46585296.html,Subaru,Legacy,Оренбург,2001,бензин,2.0,137,АКПП,4WD,универсал,белый,236000,правый,3 поколение,2.0 touring wagon TX,0,420000
35234,https://surgut.drom.ru/subaru/legacy_b4/45539473.html,Subaru,Legacy B4,Сургут,2003,бензин,2.0,280,механика,4WD,,черный,240000,правый,4 поколение,2.0 B4 GT spec B,0,680000
35235,https://nizhnevartovsk.drom.ru/subaru/impreza/47086873.html,Subaru,Impreza,Нижневартовск,2001,бензин,2.0,380,механика,4WD,универсал,серый,200000,правый,,,0,799999
35236,https://rubtsovsk.drom.ru/subaru/legacy_b4/49131579.html,Subaru,Legacy B4,Рубцовск,2002,бензин,2.0,280,механика,4WD,,красный,200000,правый,"3 поколение, рестайлинг",,0,650000
35237,https://magadan.drom.ru/subaru/impreza_wrx_sti/49131324.html,Subaru,Impreza WRX STI,Магадан,2002,бензин,2.0,280,механика,4WD,седан,синий,130000,правый,2 поколение,2.0 WRX STI Limited 4WD,0,550000
35238,https://artem.drom.ru/subaru/impreza_wrx/48972122.html,Subaru,Impreza WRX,Артём,2002,бензин,2.0,250,механика,4WD,седан,синий,178000,правый,"2 поколение, рестайлинг",2.0 WRX 4WD,0,850000
35239,https://achinsk.drom.ru/subaru/impreza/48124347.html,Subaru,Impreza,Ачинск,2001,бензин,1.5,100,АКПП,передний,универсал,синий,360000,правый,2 поколение,1.5 sports wagon I's,0,279000
35240,https://novokuznetsk.drom.ru/subaru/forester/47781242.html,Subaru,Forester,Новокузнецк,2001,бензин,2.0,137,АКПП,4WD,,серый,250,правый,"1 поколение, рестайлинг",2.0 C/20 4WD,0,440000
35241,https://promyshlennaya.drom.ru/subaru/forester/47781312.html,Subaru,Forester,Промышленная,2003,бензин,2.0,125,механика,4WD,,черный,410000,левый,2 поколение,,0,450000
35242,https://smirnykh.drom.ru/subaru/forester/47781380.html,Subaru,Forester,Смирных,2002,бензин,2.0,220,АКПП,4WD,,белый,180000,правый,2 поколение,2.0 Cross Sports,0,700000
35243,https://izhevsk.drom.ru/subaru/impreza_wrx/47774772.html,Subaru,Impreza WRX,Ижевск,2003,бензин,2.0,225,механика,4WD,универсал,синий,202000,левый,"2 поколение, рестайлинг",,0,519000
35244,https://pervouralsk.drom.ru/subaru/impreza_wrx_sti/47453324.html,Subaru,Impreza WRX STI,Первоуральск,2001,бензин,2.0,265,механика,4WD,седан,серебристый,260000,левый,2 поколение,2.0 Turbo STI-MT,0,770000
35245,https://neryungri.drom.ru/subaru/impreza/47446959.html,Subaru,Impreza,Нерюнгри,2004,бензин,1.5,100,АКПП,4WD,универсал,голубой,178000,правый,"2 поколение, рестайлинг",,0,420000
35246,https://nakhodka.drom.ru/subaru/legacy/47445148.html,Subaru,Legacy,Находка,2003,бензин,2.0,280,механика,4WD,универсал,черный,113125,правый,"3 поколение, рестайлинг",2.0 touring wagon GT-B S edition,1,380000
35247,https://vladivostok.drom.ru/subaru/forester/47444308.html,Subaru,Forester,Владивосток,2002,бензин,2.0,220,механика,4WD,,серый,185000,правый,2 поколение,,0,750000
35248,https://kurgan.drom.ru/subaru/impreza/47111567.html,Subaru,Impreza,Курган,2001,бензин,1.5,100,АКПП,4WD,универсал,синий,203,правый,2 поколение,,0,325000
35249,https://gurievsk-kemer.drom.ru/subaru/impreza_wrx/46553365.html,,,,,,,,,,,,,,,,0,
35250,https://novosibirsk.drom.ru/subaru/outback/46463292.html,Subaru,Outback,Новосибирск,2001,бензин,3.0,209,АКПП,4WD,универсал,черный,150000,левый,2 поколение,3.0 AT H6,0,444444
35251,https://sevastopol.drom.ru/subaru/impreza_wrx/46133381.html,Subaru,Impreza WRX,Севастополь,2003,бензин,2.5,165,механика,4WD,седан,серый,250000,левый,,,0,680000
35252,https://irkutsk.drom.ru/subaru/impreza/45937370.html,Subaru,Impreza,Иркутск,2001,бензин,1.5,100,механика,передний,универсал,серый,381852,правый,2 поколение,1.5 sports wagon I's sport special ,0,340000
35253,https://novosibirsk.drom.ru/subaru/legacy_b4/35986055.html,Subaru,Legacy B4,Новосибирск,2001,бензин,2.0,260,АКПП,4WD,,синий,238000,правый,"3 поколение, рестайлинг",2.0 B4 RSK,0,490000
35254,https://gorno-altaysk.drom.ru/subaru/legacy_b4/49141091.html,Subaru,Legacy B4,Горно-Алтайск,2003,бензин,2.0,260,АКПП,4WD,,белый,30000,правый,4 поколение,,0,550000
35255,https://chita.drom.ru/subaru/legacy_b4/42767981.html,Subaru,Legacy B4,Чита,2002,бензин,2.0,280,механика,4WD,,серебристый,158000,правый,"3 поколение, рестайлинг",2.0 B4 RSK limited,0,600000
35256,https://gorno-altaysk.drom.ru/subaru/impreza/48566846.html,Subaru,Impreza,Горно-Алтайск,2003,бензин,1.5,100,АКПП,передний,универсал,синий,300000,правый,"2 поколение, рестайлинг",1.5 sports wagon 15i,1,375000
35257,https://tyumen.drom.ru/subaru/forester/44569020.html,Subaru,Forester,Тюмень,2004,бензин,2.5,165,АКПП,4WD,,серебристый,220000,левый,2 поколение,2.5X AT,0,520000
35258,https://moscow.drom.ru/subaru/forester/49139991.html,Subaru,Forester,Москва,2002,бензин,2.5,165,АКПП,4WD,,зеленый,229655,левый,"1 поколение, рестайлинг",2.5 AT S Premium,0,425000
35259,https://yakutsk.drom.ru/subaru/forester/49152787.html,Subaru,Forester,Якутск,2002,бензин,2.0,137,АКПП,4WD,,серый,300000,правый,2 поколение,,0,350000
35260,https://cherepanovo.drom.ru/subaru/forester/49152774.html,Subaru,Forester,Черепаново,2001,бензин,2.0,240,АКПП,4WD,,серый,338000,правый,"1 поколение, рестайлинг",2.0 S/tb-STi II 4WD,0,599000
35261,https://yuzhno-sakhalinsk.drom.ru/subaru/legacy_b4/49152716.html,Subaru,Legacy B4,Южно-Сахалинск,2004,бензин,2.0,260,АКПП,4WD,,черный,240000,правый,4 поколение,2.0 B4 GT spec B,0,720000
35262,https://novosibirsk.drom.ru/subaru/legacy_b4/48702427.html,Subaru,Legacy B4,Новосибирск,2003,бензин,2.0,190,механика,4WD,,белый,241000,правый,4 поколение,2.0 B4 R,0,690000
35263,https://novosibirsk.drom.ru/subaru/legacy_b4/49109774.html,Subaru,Legacy B4,Новосибирск,2001,бензин,2.0,260,АКПП,4WD,,серый,173000,правый,3 поколение,2.0 B4 RSK,0,555000
35264,https://vladivostok.drom.ru/subaru/impreza/49152435.html,,,,,,,,,,,,,,,,0,
35265,https://vladivostok.drom.ru/subaru/forester/49029625.html,,,,,,,,,,,,,,,,0,
35266,https://irkutsk.drom.ru/subaru/impreza_wrx/46882847.html,,,,,,,,,,,,,,,,0,
35267,https://ulan-ude.drom.ru/subaru/forester/49137119.html,,,,,,,,,,,,,,,,0,
35268,https://vladivostok.drom.ru/subaru/forester/49132978.html,,,,,,,,,,,,,,,,0,
35269,https://vladivostok.drom.ru/subaru/impreza_wrx_sti/48799616.html,,,,,,,,,,,,,,,,0,
35270,https://nakhodka.drom.ru/subaru/r2/48823621.html,,,,,,,,,,,,,,,,0,
35271,https://bagdarin.drom.ru/subaru/forester/48819983.html,,,,,,,,,,,,,,,,0,
35272,https://spb.drom.ru/subaru/impreza_wrx/48817539.html,,,,,,,,,,,,,,,,0,
35273,https://moscow.drom.ru/subaru/forester/48477670.html,,,,,,,,,,,,,,,,0,
35274,https://chelyabinsk.drom.ru/subaru/outback/48473557.html,,,,,,,,,,,,,,,,0,
35275,https://barnaul.drom.ru/subaru/legacy/48471688.html,,,,,,,,,,,,,,,,0,
35276,https://biysk.drom.ru/subaru/forester/48471712.html,,,,,,,,,,,,,,,,0,
35277,https://petropavlovsk-kamchatskiy.drom.ru/subaru/forester/48471076.html,,,,,,,,,,,,,,,,0,
35278,https://irkutsk.drom.ru/subaru/forester/48134423.html,,,,,,,,,,,,,,,,0,
35279,https://krasnoyarsk.drom.ru/subaru/impreza/49084996.html,,,,,,,,,,,,,,,,0,
35280,https://novosibirsk.drom.ru/subaru/forester/48217000.html,,,,,,,,,,,,,,,,0,
35281,https://krasnoyarsk.drom.ru/subaru/legacy_lancaster/49118644.html,,,,,,,,,,,,,,,,0,
35282,https://krasnoyarsk.drom.ru/subaru/forester/46093824.html,,,,,,,,,,,,,,,,0,
35283,https://cherepanovo.drom.ru/subaru/forester/48940755.html,,,,,,,,,,,,,,,,0,
35284,https://irkutsk.drom.ru/subaru/impreza/49145959.html,,,,,,,,,,,,,,,,0,
35285,https://tyumen.drom.ru/subaru/legacy_b4/49145443.html,,,,,,,,,,,,,,,,0,
35286,https://berdsk.drom.ru/subaru/impreza/49034391.html,,,,,,,,,,,,,,,,0,
35287,https://barnaul.drom.ru/subaru/outback/48822036.html,,,,,,,,,,,,,,,,0,
35288,https://nizhnevartovsk.drom.ru/subaru/impreza/49139433.html,,,,,,,,,,,,,,,,0,
35289,https://minusinsk.drom.ru/subaru/legacy_b4/49144776.html,,,,,,,,,,,,,,,,0,
35290,https://irkutsk.drom.ru/subaru/forester/49075051.html,,,,,,,,,,,,,,,,0,
35291,https://novokuznetsk.drom.ru/subaru/legacy/49140505.html,,,,,,,,,,,,,,,,0,
35292,https://yakutsk.drom.ru/subaru/forester/48377972.html,,,,,,,,,,,,,,,,0,
35293,https://novosibirsk.drom.ru/subaru/pleo/49143810.html,,,,,,,,,,,,,,,,0,
35294,https://usoliye-sibirskoe.drom.ru/subaru/impreza/49143673.html,,,,,,,,,,,,,,,,0,
35295,https://zalari.drom.ru/subaru/pleo/49079057.html,,,,,,,,,,,,,,,,0,
35296,https://barnaul.drom.ru/subaru/forester/49143631.html,,,,,,,,,,,,,,,,0,
35297,https://krasnoyarsk.drom.ru/subaru/traviq/49143618.html,,,,,,,,,,,,,,,,0,
35298,https://nakhodka.drom.ru/subaru/legacy_lancaster/49082088.html,,,,,,,,,,,,,,,,0,
35299,https://minusinsk.drom.ru/subaru/forester/47801100.html,,,,,,,,,,,,,,,,0,
35300,https://tobolsk.drom.ru/subaru/forester/47475889.html,,,,,,,,,,,,,,,,0,
35301,https://arsenyev.drom.ru/subaru/legacy_lancaster/47471783.html,,,,,,,,,,,,,,,,0,
35302,https://tynda.drom.ru/subaru/forester/47369338.html,,,,,,,,,,,,,,,,0,
35303,https://omsk.drom.ru/subaru/legacy_b4/47132008.html,,,,,,,,,,,,,,,,0,
35304,https://zheleznogorsk-krasnoyarsk.drom.ru/subaru/forester/47079059.html,,,,,,,,,,,,,,,,0,
35305,https://tyumen.drom.ru/subaru/impreza_wrx_sti/49163004.html,,,,,,,,,,,,,,,,0,
35306,https://chelyabinsk.drom.ru/subaru/impreza/49162481.html,,,,,,,,,,,,,,,,0,
35307,https://omsk.drom.ru/subaru/legacy/49161896.html,,,,,,,,,,,,,,,,0,
35308,https://spb.drom.ru/subaru/outback/45776060.html,,,,,,,,,,,,,,,,0,
35309,https://tomsk.drom.ru/subaru/outback/49161675.html,,,,,,,,,,,,,,,,0,
35310,https://kansk.drom.ru/subaru/legacy_b4/49161673.html,,,,,,,,,,,,,,,,0,
35311,https://vladivostok.drom.ru/subaru/traviq/48941700.html,,,,,,,,,,,,,,,,0,
35312,https://tomsk.drom.ru/subaru/impreza/48932369.html,,,,,,,,,,,,,,,,0,
35313,https://biysk.drom.ru/subaru/outback/49056743.html,,,,,,,,,,,,,,,,0,
35314,https://iskitim.drom.ru/subaru/outback/49160660.html,,,,,,,,,,,,,,,,0,
35315,https://novosibirsk.drom.ru/subaru/outback/49160820.html,,,,,,,,,,,,,,,,0,
35316,https://novosibirsk.drom.ru/subaru/legacy_b4/49160499.html,,,,,,,,,,,,,,,,0,
35317,https://novosibirsk.drom.ru/subaru/forester/49037335.html,,,,,,,,,,,,,,,,0,
35318,https://ust-ilimsk.drom.ru/subaru/legacy/49097326.html,,,,,,,,,,,,,,,,0,
35319,https://novosibirsk.drom.ru/subaru/impreza/47727647.html,,,,,,,,,,,,,,,,0,
35320,https://tomsk.drom.ru/subaru/legacy/48964279.html,,,,,,,,,,,,,,,,0,
35321,https://barnaul.drom.ru/subaru/legacy_b4/48810776.html,,,,,,,,,,,,,,,,0,
35322,https://vladivostok.drom.ru/subaru/impreza/49133092.html,,,,,,,,,,,,,,,,0,
35323,https://barnaul.drom.ru/subaru/forester/45383133.html,,,,,,,,,,,,,,,,0,
35324,https://kemerovo.drom.ru/subaru/legacy/48706582.html,,,,,,,,,,,,,,,,0,
35325,https://anzhero-sudzhensk.drom.ru/subaru/legacy_b4/48775794.html,,,,,,,,,,,,,,,,0,
35326,https://yuzhno-sakhalinsk.drom.ru/subaru/impreza/49132945.html,,,,,,,,,,,,,,,,0,
35327,https://vladivostok.drom.ru/subaru/impreza/48996541.html,,,,,,,,,,,,,,,,0,
35328,https://irkutsk.drom.ru/subaru/legacy/48123425.html,,,,,,,,,,,,,,,,0,
35329,https://omsk.drom.ru/subaru/impreza/46419165.html,,,,,,,,,,,,,,,,0,
35330,https://krasnoyarsk.drom.ru/subaru/impreza/49058263.html,,,,,,,,,,,,,,,,0,
35331,https://novosibirsk.drom.ru/subaru/forester/48731259.html,,,,,,,,,,,,,,,,0,
35332,https://kamen-na-obi.drom.ru/subaru/impreza/48967014.html,,,,,,,,,,,,,,,,0,
35333,https://irkutsk.drom.ru/subaru/legacy_b4/48899429.html,,,,,,,,,,,,,,,,0,
35334,https://barnaul.drom.ru/subaru/legacy/49132456.html,,,,,,,,,,,,,,,,0,
35335,https://chita.drom.ru/subaru/forester/49132443.html,,,,,,,,,,,,,,,,0,
35336,https://ust-ilimsk.drom.ru/subaru/legacy_b4/48210669.html,,,,,,,,,,,,,,,,0,
35337,https://svobodniy.drom.ru/subaru/legacy_b4/47839032.html,,,,,,,,,,,,,,,,0,
35338,https://vladivostok.drom.ru/subaru/impreza_wrx_sti/49054805.html,,,,,,,,,,,,,,,,0,
35339,https://chegdomyn.drom.ru/subaru/legacy/48143588.html,,,,,,,,,,,,,,,,0,
35340,https://kazan.drom.ru/subaru/impreza/47550893.html,,,,,,,,,,,,,,,,0,
35341,https://ekaterinburg.drom.ru/subaru/impreza_wrx_sti/48806695.html,,,,,,,,,,,,,,,,0,
35342,https://novosibirsk.drom.ru/subaru/legacy/48804809.html,,,,,,,,,,,,,,,,0,
35343,https://barnaul.drom.ru/subaru/forester/48804718.html,,,,,,,,,,,,,,,,0,
35344,https://tomsk.drom.ru/subaru/legacy/48804237.html,,,,,,,,,,,,,,,,0,
35345,https://kalachinsk-omsk.drom.ru/subaru/forester/48802823.html,,,,,,,,,,,,,,,,0,
35346,https://omsk.drom.ru/subaru/legacy_b4/48799580.html,,,,,,,,,,,,,,,,0,
35347,https://novokuznetsk.drom.ru/subaru/forester/48799335.html,,,,,,,,,,,,,,,,0,
35348,https://novosibirsk.drom.ru/subaru/forester/48799093.html,,,,,,,,,,,,,,,,0,
35349,https://yuzhno-sakhalinsk.drom.ru/subaru/forester/48796081.html,,,,,,,,,,,,,,,,0,
35350,https://angarsk.drom.ru/subaru/forester/48795344.html,,,,,,,,,,,,,,,,0,
35351,https://moscow.drom.ru/subaru/legacy_b4/48458931.html,,,,,,,,,,,,,,,,0,
35352,https://barnaul.drom.ru/subaru/legacy_b4/48457590.html,,,,,,,,,,,,,,,,0,
35353,https://izhevsk.drom.ru/subaru/impreza_wrx/48455041.html,,,,,,,,,,,,,,,,0,
35354,https://krasnoyarsk.drom.ru/subaru/traviq/48452443.html,,,,,,,,,,,,,,,,0,
35355,https://novosibirsk.drom.ru/subaru/legacy/48450281.html,,,,,,,,,,,,,,,,0,
35356,https://spb.drom.ru/subaru/forester/48434695.html,,,,,,,,,,,,,,,,0,
35357,https://moscow.drom.ru/subaru/impreza_wrx_sti/48286643.html,,,,,,,,,,,,,,,,0,
35358,https://barnaul.drom.ru/subaru/impreza/48286719.html,,,,,,,,,,,,,,,,0,
35359,https://chelyabinsk.drom.ru/subaru/outback/49143392.html,,,,,,,,,,,,,,,,0,
35360,https://omsk.drom.ru/subaru/forester/49143246.html,,,,,,,,,,,,,,,,0,
35361,https://tomsk.drom.ru/subaru/forester/48918727.html,,,,,,,,,,,,,,,,0,
35362,https://asino.drom.ru/subaru/outback/47705573.html,,,,,,,,,,,,,,,,0,
35363,https://ust-ilimsk.drom.ru/subaru/legacy_b4/48995915.html,,,,,,,,,,,,,,,,0,
35364,https://chelyabinsk.drom.ru/subaru/legacy/49143069.html,,,,,,,,,,,,,,,,0,
35365,https://irkutsk.drom.ru/subaru/legacy/49142517.html,,,,,,,,,,,,,,,,0,
35366,https://novosibirsk.drom.ru/subaru/forester/48577134.html,,,,,,,,,,,,,,,,0,
35367,https://barnaul.drom.ru/subaru/legacy_b4/47985280.html,,,,,,,,,,,,,,,,0,
35368,https://novosibirsk.drom.ru/subaru/legacy_b4/49142627.html,,,,,,,,,,,,,,,,0,
35369,https://tomsk.drom.ru/subaru/legacy/48888697.html,,,,,,,,,,,,,,,,0,
35370,https://irkutsk.drom.ru/subaru/forester/49123484.html,,,,,,,,,,,,,,,,0,
35371,https://novosibirsk.drom.ru/subaru/outback/48352496.html,,,,,,,,,,,,,,,,0,
35372,https://arsenyev.drom.ru/subaru/impreza/49114308.html,,,,,,,,,,,,,,,,0,
35373,https://neryungri.drom.ru/subaru/legacy_b4/42022425.html,,,,,,,,,,,,,,,,0,
35374,https://krasnoyarsk.drom.ru/subaru/legacy_b4/49069885.html,,,,,,,,,,,,,,,,0,
35375,https://anzhero-sudzhensk.drom.ru/subaru/impreza_wrx/49062392.html,,,,,,,,,,,,,,,,0,
35376,https://novosibirsk.drom.ru/subaru/forester/49008502.html,,,,,,,,,,,,,,,,0,
35377,https://altayskoe.drom.ru/subaru/impreza_wrx_sti/48119738.html,,,,,,,,,,,,,,,,0,
35378,https://irkutsk.drom.ru/subaru/impreza/49141692.html,,,,,,,,,,,,,,,,0,
35379,https://chelyabinsk.drom.ru/subaru/forester/49155612.html,,,,,,,,,,,,,,,,0,
35380,https://ulan-ude.drom.ru/subaru/forester/49155574.html,,,,,,,,,,,,,,,,0,
35381,https://tomsk.drom.ru/subaru/forester/48889036.html,,,,,,,,,,,,,,,,0,
35382,https://ussuriisk.drom.ru/subaru/forester/49080338.html,,,,,,,,,,,,,,,,0,
35383,https://gorno-altaysk.drom.ru/subaru/impreza_wrx/48464319.html,,,,,,,,,,,,,,,,0,
35384,https://irkutsk.drom.ru/subaru/legacy_b4/48230698.html,,,,,,,,,,,,,,,,0,
35385,https://vladivostok.drom.ru/subaru/impreza/49154821.html,,,,,,,,,,,,,,,,0,
35386,https://chita.drom.ru/subaru/forester/49154770.html,,,,,,,,,,,,,,,,0,
35387,https://barnaul.drom.ru/subaru/forester/49153967.html,,,,,,,,,,,,,,,,0,
35388,https://petropavlovsk-kamchatskiy.drom.ru/subaru/forester/49154116.html,,,,,,,,,,,,,,,,0,
35389,https://krasnoyarsk.drom.ru/subaru/forester/49154057.html,,,,,,,,,,,,,,,,0,
35390,https://irkutsk.drom.ru/subaru/forester/49153913.html,,,,,,,,,,,,,,,,0,
35391,https://omsk.drom.ru/subaru/forester/48997810.html,,,,,,,,,,,,,,,,0,
35392,https://rubtsovsk.drom.ru/subaru/legacy_b4/48550596.html,,,,,,,,,,,,,,,,0,
35393,https://novosibirsk.drom.ru/subaru/outback/49153487.html,,,,,,,,,,,,,,,,0,
35394,https://irkutsk.drom.ru/subaru/impreza/49097127.html,,,,,,,,,,,,,,,,0,
35395,https://kansk.drom.ru/subaru/legacy_b4/49153304.html,,,,,,,,,,,,,,,,0,
35396,https://novosibirsk.drom.ru/subaru/forester/49081015.html,,,,,,,,,,,,,,,,0,
35397,https://novosibirsk.drom.ru/subaru/impreza/49019052.html,,,,,,,,,,,,,,,,0,
35398,https://nakhodka.drom.ru/subaru/forester/49152810.html,,,,,,,,,,,,,,,,0,
35399,https://novosibirsk.drom.ru/subaru/forester/49139646.html,,,,,,,,,,,,,,,,0,
35400,https://chebarkul.drom.ru/subaru/legacy_b4/49139625.html,,,,,,,,,,,,,,,,0,
35401,https://habarovsk.drom.ru/subaru/forester/49012956.html,,,,,,,,,,,,,,,,0,
35402,https://barnaul.drom.ru/subaru/forester/46601196.html,,,,,,,,,,,,,,,,0,
35403,https://spb.drom.ru/subaru/forester/49139200.html,,,,,,,,,,,,,,,,0,
35404,https://blagoveshchensk.drom.ru/subaru/legacy/48648720.html,,,,,,,,,,,,,,,,0,
35405,https://novosibirsk.drom.ru/subaru/legacy/49138762.html,,,,,,,,,,,,,,,,0,
35406,https://vladivostok.drom.ru/subaru/impreza_wrx_sti/48393852.html,,,,,,,,,,,,,,,,0,
35407,https://magadan.drom.ru/subaru/forester/49138524.html,,,,,,,,,,,,,,,,0,
35408,https://irkutsk.drom.ru/subaru/legacy/49138459.html,,,,,,,,,,,,,,,,0,
35409,https://irkutsk.drom.ru/subaru/impreza_wrx_sti/45221249.html,,,,,,,,,,,,,,,,0,
35410,https://berdsk.drom.ru/subaru/legacy/48681554.html,,,,,,,,,,,,,,,,0,
35411,https://novosibirsk.drom.ru/subaru/outback/48988746.html,,,,,,,,,,,,,,,,0,
35412,https://tashtagol.drom.ru/subaru/legacy_b4/49138009.html,,,,,,,,,,,,,,,,0,
35413,https://nikolaevsk-na-amure.drom.ru/subaru/legacy_b4/48502436.html,,,,,,,,,,,,,,,,0,
35414,https://ulan-ude.drom.ru/subaru/forester/48975208.html,,,,,,,,,,,,,,,,0,
35415,https://dalnegorsk.drom.ru/subaru/legacy_b4/49136942.html,,,,,,,,,,,,,,,,0,
35416,https://tyumen.drom.ru/subaru/forester/48633771.html,,,,,,,,,,,,,,,,0,
35417,https://habarovsk.drom.ru/subaru/sambar/49136760.html,,,,,,,,,,,,,,,,0,
35418,https://biysk.drom.ru/subaru/impreza/49068565.html,,,,,,,,,,,,,,,,0,
35419,https://nakhodka.drom.ru/subaru/forester/48977509.html,,,,,,,,,,,,,,,,0,
35420,https://makhachkala.drom.ru/subaru/forester/48837251.html,,,,,,,,,,,,,,,,0,
35421,https://novosibirsk.drom.ru/subaru/outback/48835809.html,,,,,,,,,,,,,,,,0,
35422,https://abakan.drom.ru/subaru/impreza_wrx/48835398.html,,,,,,,,,,,,,,,,0,
35423,https://irkutsk.drom.ru/subaru/legacy_b4/48835151.html,,,,,,,,,,,,,,,,0,
35424,https://slyudyanka.drom.ru/subaru/legacy/48833786.html,,,,,,,,,,,,,,,,0,
35425,https://omsk.drom.ru/subaru/forester/48832825.html,,,,,,,,,,,,,,,,0,
35426,https://lensk.drom.ru/subaru/impreza/48832264.html,,,,,,,,,,,,,,,,0,
35427,https://irkutsk.drom.ru/subaru/legacy/48828317.html,,,,,,,,,,,,,,,,0,
35428,https://vanino.drom.ru/subaru/legacy/48827806.html,,,,,,,,,,,,,,,,0,
35429,https://novosibirsk.drom.ru/subaru/legacy/48492956.html,,,,,,,,,,,,,,,,0,
35430,https://novosibirsk.drom.ru/subaru/outback/48491842.html,,,,,,,,,,,,,,,,0,
35431,https://ust-koksa.drom.ru/subaru/forester/48490793.html,,,,,,,,,,,,,,,,0,
35432,https://yakutsk.drom.ru/subaru/forester/48490474.html,,,,,,,,,,,,,,,,0,
35433,https://blagoveshchensk.drom.ru/subaru/forester/48483954.html,,,,,,,,,,,,,,,,0,
35434,https://omsk.drom.ru/subaru/legacy_b4/48413525.html,,,,,,,,,,,,,,,,0,
35435,https://maslyanino.drom.ru/subaru/forester/48284684.html,,,,,,,,,,,,,,,,0,
35436,https://irkutsk.drom.ru/subaru/legacy/48142098.html,,,,,,,,,,,,,,,,0,
35437,https://novosibirsk.drom.ru/subaru/forester/48141241.html,,,,,,,,,,,,,,,,0,
35438,https://novosibirsk.drom.ru/subaru/forester/48137410.html,,,,,,,,,,,,,,,,0,
35439,https://barnaul.drom.ru/subaru/forester/49141623.html,,,,,,,,,,,,,,,,0,
35440,https://zheleznogorsk-krasnoyarsk.drom.ru/subaru/forester/48814551.html,,,,,,,,,,,,,,,,0,
35441,https://novosibirsk.drom.ru/subaru/traviq/48814470.html,,,,,,,,,,,,,,,,0,
35442,https://irkutsk.drom.ru/subaru/forester/48813969.html,,,,,,,,,,,,,,,,0,
35443,https://ulagan.drom.ru/subaru/legacy_b4/48810411.html,,,,,,,,,,,,,,,,0,
35444,https://novosibirsk.drom.ru/subaru/legacy_b4/48810207.html,,,,,,,,,,,,,,,,0,
35445,https://barnaul.drom.ru/subaru/legacy_b4/48809374.html,,,,,,,,,,,,,,,,0,
35446,https://angarsk.drom.ru/subaru/forester/48809120.html,,,,,,,,,,,,,,,,0,
35447,https://irkutsk.drom.ru/subaru/outback/48808964.html,,,,,,,,,,,,,,,,0,
35448,https://tarusa.drom.ru/subaru/forester/48703171.html,,,,,,,,,,,,,,,,0,
35449,https://cherepanovo.drom.ru/subaru/legacy_b4/48692467.html,,,,,,,,,,,,,,,,0,
35450,https://novosibirsk.drom.ru/subaru/forester/48529617.html,,,,,,,,,,,,,,,,0,
35451,https://barnaul.drom.ru/subaru/legacy_b4/48516916.html,,,,,,,,,,,,,,,,0,
35452,https://chelyabinsk.drom.ru/subaru/outback/48470665.html,,,,,,,,,,,,,,,,0,
35453,https://ulan-ude.drom.ru/subaru/legacy_b4/48469411.html,,,,,,,,,,,,,,,,0,
35454,https://kemerovo.drom.ru/subaru/impreza/48468969.html,,,,,,,,,,,,,,,,0,
35455,https://biysk.drom.ru/subaru/outback/48466544.html,,,,,,,,,,,,,,,,0,
35456,https://kemerovo.drom.ru/subaru/legacy/48462394.html,,,,,,,,,,,,,,,,0,
35457,https://ulan-ude.drom.ru/subaru/outback/48460098.html,,,,,,,,,,,,,,,,0,
35458,https://kurgan.drom.ru/subaru/traviq/48459736.html,,,,,,,,,,,,,,,,0,
35459,https://krasnodar.drom.ru/subaru/impreza/49037991.html,,,,,,,,,,,,,,,,0,
35460,https://omsk.drom.ru/subaru/baja/49136693.html,,,,,,,,,,,,,,,,0,
35461,https://barnaul.drom.ru/subaru/forester/49136657.html,,,,,,,,,,,,,,,,0,
35462,https://chita.drom.ru/subaru/forester/48832699.html,,,,,,,,,,,,,,,,0,
35463,https://krasnoyarsk.drom.ru/subaru/legacy/49136321.html,,,,,,,,,,,,,,,,0,
35464,https://ulan-ude.drom.ru/subaru/legacy/49135871.html,,,,,,,,,,,,,,,,0,
35465,https://irkutsk.drom.ru/subaru/outback/48730999.html,,,,,,,,,,,,,,,,0,
35466,https://barnaul.drom.ru/subaru/forester/49135818.html,,,,,,,,,,,,,,,,0,
35467,https://novosibirsk.drom.ru/subaru/forester/48684923.html,,,,,,,,,,,,,,,,0,
35468,https://nyagan.drom.ru/subaru/impreza_wrx/48703669.html,,,,,,,,,,,,,,,,0,
35469,https://barnaul.drom.ru/subaru/forester/49135340.html,,,,,,,,,,,,,,,,0,
35470,https://krasnoyarsk.drom.ru/subaru/impreza/49135199.html,,,,,,,,,,,,,,,,0,
35471,https://iskitim.drom.ru/subaru/forester/49135110.html,,,,,,,,,,,,,,,,0,
35472,https://usoliye-sibirskoe.drom.ru/subaru/forester/46629331.html,,,,,,,,,,,,,,,,0,
35473,https://novosibirsk.drom.ru/subaru/legacy_lancaster/49133923.html,,,,,,,,,,,,,,,,0,
35474,https://novosibirsk.drom.ru/subaru/outback/49025262.html,,,,,,,,,,,,,,,,0,
35475,https://novokuznetsk.drom.ru/subaru/impreza/49134119.html,,,,,,,,,,,,,,,,0,
35476,https://ust-ilimsk.drom.ru/subaru/legacy_b4/49134113.html,,,,,,,,,,,,,,,,0,
35477,https://barnaul.drom.ru/subaru/legacy_lancaster/49011420.html,,,,,,,,,,,,,,,,0,
35478,https://irkutsk.drom.ru/subaru/forester/49104663.html,,,,,,,,,,,,,,,,0,
35479,https://moscow.drom.ru/subaru/forester/46553636.html,,,,,,,,,,,,,,,,0,
35480,https://krasnodar.drom.ru/subaru/impreza/48466675.html,,,,,,,,,,,,,,,,0,
35481,https://novosibirsk.drom.ru/subaru/impreza/49148770.html,,,,,,,,,,,,,,,,0,
35482,https://vladivostok.drom.ru/subaru/forester/47979475.html,,,,,,,,,,,,,,,,0,
35483,https://biysk.drom.ru/subaru/forester/49148408.html,,,,,,,,,,,,,,,,0,
35484,https://lesozavodsk.drom.ru/subaru/forester/49010276.html,,,,,,,,,,,,,,,,0,
35485,https://chita.drom.ru/subaru/forester/49147988.html,,,,,,,,,,,,,,,,0,
35486,https://novosibirsk.drom.ru/subaru/impreza/49147659.html,,,,,,,,,,,,,,,,0,
35487,https://moscow.drom.ru/subaru/outback/49147454.html,,,,,,,,,,,,,,,,0,
35488,https://tomsk.drom.ru/subaru/outback/49147634.html,,,,,,,,,,,,,,,,0,
35489,https://irkutsk.drom.ru/subaru/legacy_b4/48423168.html,,,,,,,,,,,,,,,,0,
35490,https://gorno-altaysk.drom.ru/subaru/forester/49147585.html,,,,,,,,,,,,,,,,0,
35491,https://vladivostok.drom.ru/subaru/forester/48182045.html,,,,,,,,,,,,,,,,0,
35492,https://barnaul.drom.ru/subaru/legacy/49082881.html,,,,,,,,,,,,,,,,0,
35493,https://angarsk.drom.ru/subaru/legacy_b4/49147133.html,,,,,,,,,,,,,,,,0,
35494,https://ulan-ude.drom.ru/subaru/legacy_b4/49042725.html,,,,,,,,,,,,,,,,0,
35495,https://novokuznetsk.drom.ru/subaru/impreza/48973425.html,,,,,,,,,,,,,,,,0,
35496,https://barnaul.drom.ru/subaru/legacy_b4/49146953.html,,,,,,,,,,,,,,,,0,
35497,https://moscow.drom.ru/subaru/forester/49146757.html,,,,,,,,,,,,,,,,0,
35498,https://novosibirsk.drom.ru/subaru/legacy_b4/49146510.html,,,,,,,,,,,,,,,,0,
35499,https://novosibirsk.drom.ru/subaru/legacy/49160047.html,,,,,,,,,,,,,,,,0,
35500,https://novosibirsk.drom.ru/subaru/legacy/49159720.html,,,,,,,,,,,,,,,,0,
35501,https://tyumen.drom.ru/subaru/impreza/49159347.html,,,,,,,,,,,,,,,,0,
35502,https://petropavlovsk-kamchatskiy.drom.ru/subaru/legacy_lancaster/47064923.html,,,,,,,,,,,,,,,,0,
35503,https://barnaul.drom.ru/subaru/impreza/49159031.html,,,,,,,,,,,,,,,,0,
35504,https://novosibirsk.drom.ru/subaru/impreza/49158902.html,,,,,,,,,,,,,,,,0,
35505,https://novosibirsk.drom.ru/subaru/forester/49117158.html,,,,,,,,,,,,,,,,0,
35506,https://irkutsk.drom.ru/subaru/legacy_lancaster/49119306.html,,,,,,,,,,,,,,,,0,
35507,https://tomsk.drom.ru/subaru/legacy_lancaster/49158300.html,,,,,,,,,,,,,,,,0,
35508,https://omsk.drom.ru/subaru/outback/49158210.html,,,,,,,,,,,,,,,,0,
35509,https://spb.drom.ru/subaru/forester/49158167.html,,,,,,,,,,,,,,,,0,
35510,https://bolshoy-kamen.drom.ru/subaru/legacy/49158084.html,,,,,,,,,,,,,,,,0,
35511,https://barnaul.drom.ru/subaru/forester/48976673.html,,,,,,,,,,,,,,,,0,
35512,https://ekaterinburg.drom.ru/subaru/outback/47255050.html,,,,,,,,,,,,,,,,0,
35513,https://novosibirsk.drom.ru/subaru/legacy/48876645.html,,,,,,,,,,,,,,,,0,
35514,https://barnaul.drom.ru/subaru/legacy_b4/49156244.html,,,,,,,,,,,,,,,,0,
35515,https://moscow.drom.ru/subaru/impreza_wrx/49156238.html,,,,,,,,,,,,,,,,0,
35516,https://sochi.drom.ru/subaru/forester/49156011.html,,,,,,,,,,,,,,,,0,
35517,https://tomsk.drom.ru/subaru/forester/49155655.html,,,,,,,,,,,,,,,,0,
35518,https://gorno-altaysk.drom.ru/subaru/impreza_wrx/49155626.html,,,,,,,,,,,,,,,,0,
35519,https://novosibirsk.drom.ru/subaru/outback/47957719.html,,,,,,,,,,,,,,,,0,
35520,https://novosibirsk.drom.ru/subaru/impreza/47796926.html,,,,,,,,,,,,,,,,0,
35521,https://chistoozernoe.drom.ru/subaru/forester/47701767.html,,,,,,,,,,,,,,,,0,
35522,https://kemerovo.drom.ru/subaru/forester/47595318.html,,,,,,,,,,,,,,,,0,
35523,https://nakhodka.drom.ru/subaru/impreza/47462663.html,,,,,,,,,,,,,,,,0,
35524,https://komsomolsk.drom.ru/subaru/forester/47456569.html,,,,,,,,,,,,,,,,0,
35525,https://vladivostok.drom.ru/subaru/forester/47445854.html,,,,,,,,,,,,,,,,0,
35526,https://irkutsk.drom.ru/subaru/impreza/47305328.html,,,,,,,,,,,,,,,,0,
35527,https://pospeliha.drom.ru/subaru/legacy/47126899.html,,,,,,,,,,,,,,,,0,
35528,https://blagoveshchensk.drom.ru/subaru/impreza/46337246.html,,,,,,,,,,,,,,,,0,
35529,https://achinsk.drom.ru/subaru/forester/45929654.html,,,,,,,,,,,,,,,,0,
35530,https://habarovsk.drom.ru/subaru/legacy_lancaster/45810515.html,,,,,,,,,,,,,,,,0,
35531,https://ryazan.drom.ru/subaru/legacy_lancaster/49150946.html,,,,,,,,,,,,,,,,0,
35532,https://chelyabinsk.drom.ru/subaru/legacy/49150692.html,,,,,,,,,,,,,,,,0,
35533,https://omsk.drom.ru/subaru/legacy_b4/49150685.html,,,,,,,,,,,,,,,,0,
35534,https://nadim.drom.ru/subaru/forester/48294252.html,,,,,,,,,,,,,,,,0,
35535,https://irkutsk.drom.ru/subaru/legacy_lancaster/47435716.html,,,,,,,,,,,,,,,,0,
35536,https://tomsk.drom.ru/subaru/legacy_b4/49150567.html,,,,,,,,,,,,,,,,0,
35537,https://krasnoyarsk.drom.ru/subaru/impreza/49149843.html,,,,,,,,,,,,,,,,0,
35538,https://irkutsk.drom.ru/subaru/forester/49149356.html,,,,,,,,,,,,,,,,0,
35539,https://krasnoyarsk.drom.ru/subaru/legacy_b4/48892656.html,,,,,,,,,,,,,,,,0,
35540,https://omsk.drom.ru/subaru/legacy/49130801.html,,,,,,,,,,,,,,,,0,
35541,https://onguday.drom.ru/subaru/outback/49130682.html,,,,,,,,,,,,,,,,0,
35542,https://krasnoyarsk.drom.ru/subaru/forester/48088545.html,,,,,,,,,,,,,,,,0,
35543,https://belogorsk.drom.ru/subaru/legacy_b4/47098088.html,,,,,,,,,,,,,,,,0,
35544,https://yakutsk.drom.ru/subaru/forester/49130314.html,,,,,,,,,,,,,,,,0,
35545,https://novosibirsk.drom.ru/subaru/forester/48810986.html,,,,,,,,,,,,,,,,0,
35546,https://irkutsk.drom.ru/subaru/forester/49130201.html,,,,,,,,,,,,,,,,0,
35547,https://nizhnevartovsk.drom.ru/subaru/legacy/49130096.html,,,,,,,,,,,,,,,,0,
35548,https://krasnoyarsk.drom.ru/subaru/traviq/48841725.html,,,,,,,,,,,,,,,,0,
35549,https://kochenyovo.drom.ru/subaru/forester/48511319.html,,,,,,,,,,,,,,,,0,
35550,https://biysk.drom.ru/subaru/legacy/47931194.html,,,,,,,,,,,,,,,,0,
35551,https://ulan-ude.drom.ru/subaru/forester/49128819.html,,,,,,,,,,,,,,,,0,
35552,https://sosnovoborsk.drom.ru/subaru/traviq/49128764.html,,,,,,,,,,,,,,,,0,
35553,https://novosibirsk.drom.ru/subaru/impreza/49128537.html,,,,,,,,,,,,,,,,0,
35554,https://berezovskiy-kemer.drom.ru/subaru/forester/49128164.html,,,,,,,,,,,,,,,,0,
35555,https://omsk.drom.ru/subaru/legacy_b4/46515316.html,,,,,,,,,,,,,,,,0,
35556,https://tomsk.drom.ru/subaru/legacy/48053250.html,,,,,,,,,,,,,,,,0,
35557,https://novosibirsk.drom.ru/subaru/forester/48003470.html,,,,,,,,,,,,,,,,0,
35558,https://biysk.drom.ru/subaru/forester/47688597.html,,,,,,,,,,,,,,,,0,
35559,https://barnaul.drom.ru/subaru/legacy_b4/49108677.html,,,,,,,,,,,,,,,,0,
35560,https://volsk.drom.ru/subaru/legacy/49108491.html,,,,,,,,,,,,,,,,0,
35561,https://krasnoyarsk.drom.ru/subaru/impreza/49099165.html,,,,,,,,,,,,,,,,0,
35562,https://ussuriisk.drom.ru/subaru/legacy_b4/49108341.html,,,,,,,,,,,,,,,,0,
35563,https://ekaterinburg.drom.ru/subaru/impreza/49108118.html,,,,,,,,,,,,,,,,0,
35564,https://vladivostok.drom.ru/subaru/legacy/46728338.html,,,,,,,,,,,,,,,,0,
35565,https://krasnoyarsk.drom.ru/subaru/legacy_b4/48961153.html,,,,,,,,,,,,,,,,0,
35566,https://severobaykalsk.drom.ru/subaru/impreza_wrx/49107337.html,,,,,,,,,,,,,,,,0,
35567,https://cheremhovo.drom.ru/subaru/forester/48579258.html,,,,,,,,,,,,,,,,0,
35568,https://ekaterinburg.drom.ru/subaru/forester/49106824.html,,,,,,,,,,,,,,,,0,
35569,https://habarovsk.drom.ru/subaru/forester/48497164.html,,,,,,,,,,,,,,,,0,
35570,https://tomsk.drom.ru/subaru/impreza/43984212.html,,,,,,,,,,,,,,,,0,
35571,https://barabinsk.drom.ru/subaru/forester/49105103.html,,,,,,,,,,,,,,,,0,
35572,https://angarsk.drom.ru/subaru/outback/49076508.html,,,,,,,,,,,,,,,,0,
35573,https://barnaul.drom.ru/subaru/impreza_wrx/49104738.html,,,,,,,,,,,,,,,,0,
35574,https://krasnoyarsk.drom.ru/subaru/forester/49055980.html,,,,,,,,,,,,,,,,0,
35575,https://novosibirsk.drom.ru/subaru/forester/48978371.html,,,,,,,,,,,,,,,,0,
35576,https://barnaul.drom.ru/subaru/forester/49104358.html,,,,,,,,,,,,,,,,0,
35577,https://kirov.drom.ru/subaru/legacy/46828914.html,,,,,,,,,,,,,,,,0,
35578,https://chita.drom.ru/subaru/forester/47964738.html,,,,,,,,,,,,,,,,0,
35579,https://irkutsk.drom.ru/subaru/legacy_b4/49113675.html,,,,,,,,,,,,,,,,0,
35580,https://tomsk.drom.ru/subaru/legacy_b4/49113941.html,,,,,,,,,,,,,,,,0,
35581,https://novosibirsk.drom.ru/subaru/forester/48145786.html,,,,,,,,,,,,,,,,0,
35582,https://novosibirsk.drom.ru/subaru/legacy/48553686.html,,,,,,,,,,,,,,,,0,
35583,https://irkutsk.drom.ru/subaru/forester/48190626.html,,,,,,,,,,,,,,,,0,
35584,https://novosibirsk.drom.ru/subaru/outback/48589927.html,,,,,,,,,,,,,,,,0,
35585,https://sayanogorsk.drom.ru/subaru/legacy/49113415.html,,,,,,,,,,,,,,,,0,
35586,https://omsk.drom.ru/subaru/impreza/48397630.html,,,,,,,,,,,,,,,,0,
35587,https://zelenogorsk-krasnoyarsk.drom.ru/subaru/forester/49015546.html,,,,,,,,,,,,,,,,0,
35588,https://novosibirsk.drom.ru/subaru/forester/49041477.html,,,,,,,,,,,,,,,,0,
35589,https://irkutsk.drom.ru/subaru/forester/49112535.html,,,,,,,,,,,,,,,,0,
35590,https://shelehov.drom.ru/subaru/legacy_b4/48334652.html,,,,,,,,,,,,,,,,0,
35591,https://novosibirsk.drom.ru/subaru/outback/48592770.html,,,,,,,,,,,,,,,,0,
35592,https://chernogorsk.drom.ru/subaru/forester/49112613.html,,,,,,,,,,,,,,,,0,
35593,https://novosibirsk.drom.ru/subaru/forester/47532971.html,,,,,,,,,,,,,,,,0,
35594,https://ussuriisk.drom.ru/subaru/legacy_b4/48807172.html,,,,,,,,,,,,,,,,0,
35595,https://selenginsk.drom.ru/subaru/legacy_b4/48909934.html,,,,,,,,,,,,,,,,0,
35596,https://petropavlovsk-kamchatskiy.drom.ru/subaru/impreza/49030621.html,,,,,,,,,,,,,,,,0,
35597,https://bratsk.drom.ru/subaru/impreza/49112074.html,,,,,,,,,,,,,,,,0,
35598,https://turochak.drom.ru/subaru/outback/47019785.html,,,,,,,,,,,,,,,,0,
35599,https://sochi.drom.ru/subaru/forester/48763680.html,,,,,,,,,,,,,,,,0,
35600,https://novosibirsk.drom.ru/subaru/legacy_b4/48763598.html,,,,,,,,,,,,,,,,0,
35601,https://novokuznetsk.drom.ru/subaru/legacy/48762179.html,,,,,,,,,,,,,,,,0,
35602,https://irkutsk.drom.ru/subaru/legacy_b4/48761387.html,,,,,,,,,,,,,,,,0,
35603,https://volno-nadezhdinskoe.drom.ru/subaru/forester/48760915.html,,,,,,,,,,,,,,,,0,
35604,https://irkutsk.drom.ru/subaru/impreza/48425713.html,,,,,,,,,,,,,,,,0,
35605,https://ulan-ude.drom.ru/subaru/forester/48424375.html,,,,,,,,,,,,,,,,0,
35606,https://ulan-ude.drom.ru/subaru/legacy/48423102.html,,,,,,,,,,,,,,,,0,
35607,https://shelehov.drom.ru/subaru/legacy/48419925.html,,,,,,,,,,,,,,,,0,
35608,https://novosibirsk.drom.ru/subaru/forester/48419351.html,,,,,,,,,,,,,,,,0,
35609,https://krasnoyarsk.drom.ru/subaru/legacy/48419371.html,,,,,,,,,,,,,,,,0,
35610,https://severobaykalsk.drom.ru/subaru/legacy/48416931.html,,,,,,,,,,,,,,,,0,
35611,https://novosibirsk.drom.ru/subaru/legacy/48078719.html,,,,,,,,,,,,,,,,0,
35612,https://sibirtsevo.drom.ru/subaru/impreza/47786974.html,,,,,,,,,,,,,,,,0,
35613,https://artem.drom.ru/subaru/forester/47799019.html,,,,,,,,,,,,,,,,0,
35614,https://tyumen.drom.ru/subaru/legacy_b4/47740432.html,,,,,,,,,,,,,,,,0,
35615,https://kiselevsk.drom.ru/subaru/r2/47738694.html,,,,,,,,,,,,,,,,0,
35616,https://ulan-ude.drom.ru/subaru/legacy_lancaster/47736310.html,,,,,,,,,,,,,,,,0,
35617,https://spb.drom.ru/subaru/forester/47733797.html,,,,,,,,,,,,,,,,0,
35618,https://angarsk.drom.ru/subaru/forester/47519960.html,,,,,,,,,,,,,,,,0,
35619,https://anzhero-sudzhensk.drom.ru/subaru/forester/47425524.html,,,,,,,,,,,,,,,,0,
35620,https://petropavlovsk-kamchatskiy.drom.ru/subaru/forester/47393003.html,,,,,,,,,,,,,,,,0,
35621,https://nizhniy-tagil.drom.ru/subaru/legacy/47088169.html,,,,,,,,,,,,,,,,0,
35622,https://kemerovo.drom.ru/subaru/legacy_b4/47086803.html,,,,,,,,,,,,,,,,0,
35623,https://vladivostok.drom.ru/subaru/impreza/46963673.html,,,,,,,,,,,,,,,,0,
35624,https://mayma.drom.ru/subaru/legacy/46761282.html,,,,,,,,,,,,,,,,0,
35625,https://habarovsk.drom.ru/subaru/legacy/46111556.html,,,,,,,,,,,,,,,,0,
35626,https://ekaterinburg.drom.ru/subaru/legacy_b4/46011444.html,,,,,,,,,,,,,,,,0,
35627,https://slavgorod.drom.ru/subaru/forester/45760530.html,,,,,,,,,,,,,,,,0,
35628,https://kyzyl.drom.ru/subaru/impreza/34145518.html,,,,,,,,,,,,,,,,0,
35629,https://barnaul.drom.ru/subaru/forester/49121725.html,,,,,,,,,,,,,,,,0,
35630,https://irkutsk.drom.ru/subaru/impreza_wrx/47992078.html,,,,,,,,,,,,,,,,0,
35631,https://prokopyevsk.drom.ru/subaru/impreza/46810812.html,,,,,,,,,,,,,,,,0,
35632,https://novosibirsk.drom.ru/subaru/forester/48859647.html,,,,,,,,,,,,,,,,0,
35633,https://omsk.drom.ru/subaru/impreza/49120538.html,,,,,,,,,,,,,,,,0,
35634,https://irkutsk.drom.ru/subaru/legacy_b4/48600518.html,,,,,,,,,,,,,,,,0,
35635,https://bratsk.drom.ru/subaru/impreza/46912353.html,,,,,,,,,,,,,,,,0,
35636,https://barnaul.drom.ru/subaru/forester/49112473.html,,,,,,,,,,,,,,,,0,
35637,https://nizhneudinsk.drom.ru/subaru/legacy_b4/49062745.html,,,,,,,,,,,,,,,,0,
35638,https://ulan-ude.drom.ru/subaru/legacy_b4/49120015.html,,,,,,,,,,,,,,,,0,
35639,https://novosibirsk.drom.ru/subaru/impreza/48867228.html,,,,,,,,,,,,,,,,0,
35640,https://krasnoyarsk.drom.ru/subaru/legacy_b4/49125065.html,,,,,,,,,,,,,,,,0,
35641,https://komsomolsk.drom.ru/subaru/forester/47984020.html,,,,,,,,,,,,,,,,0,
35642,https://novosibirsk.drom.ru/subaru/forester/49120721.html,,,,,,,,,,,,,,,,0,
35643,https://kemerovo.drom.ru/subaru/forester/49093239.html,,,,,,,,,,,,,,,,0,
35644,https://habarovsk.drom.ru/subaru/forester/48929755.html,,,,,,,,,,,,,,,,0,
35645,https://novosibirsk.drom.ru/subaru/forester/48599684.html,,,,,,,,,,,,,,,,0,
35646,https://krasnoyarsk.drom.ru/subaru/legacy/49124329.html,,,,,,,,,,,,,,,,0,
35647,https://vladivostok.drom.ru/subaru/legacy_b4/48122431.html,,,,,,,,,,,,,,,,0,
35648,https://novosibirsk.drom.ru/subaru/legacy_lancaster/48751838.html,,,,,,,,,,,,,,,,0,
35649,https://barnaul.drom.ru/subaru/legacy_b4/49124057.html,,,,,,,,,,,,,,,,0,
35650,https://artem.drom.ru/subaru/forester/49123941.html,,,,,,,,,,,,,,,,0,
35651,https://novosibirsk.drom.ru/subaru/impreza/49123996.html,,,,,,,,,,,,,,,,0,
35652,https://novosibirsk.drom.ru/subaru/forester/49123894.html,,,,,,,,,,,,,,,,0,
35653,https://angarsk.drom.ru/subaru/impreza/49035538.html,,,,,,,,,,,,,,,,0,
35654,https://bratsk.drom.ru/subaru/legacy_lancaster/49066039.html,,,,,,,,,,,,,,,,0,
35655,https://novosibirsk.drom.ru/subaru/forester/47812027.html,,,,,,,,,,,,,,,,0,
35656,https://barnaul.drom.ru/subaru/forester/48448139.html,,,,,,,,,,,,,,,,0,
35657,https://kalinino.drom.ru/subaru/legacy_lancaster/48922876.html,,,,,,,,,,,,,,,,0,
35658,https://irkutsk.drom.ru/subaru/legacy/49053823.html,,,,,,,,,,,,,,,,0,
35659,https://krasnodar.drom.ru/subaru/impreza/49084929.html,,,,,,,,,,,,,,,,0,
35660,https://ulan-ude.drom.ru/subaru/forester/49096372.html,,,,,,,,,,,,,,,,0,
35661,https://gorno-altaysk.drom.ru/subaru/impreza_wrx/49022500.html,,,,,,,,,,,,,,,,0,
35662,https://novosibirsk.drom.ru/subaru/legacy_b4/49096247.html,,,,,,,,,,,,,,,,0,
35663,https://barnaul.drom.ru/subaru/legacy_b4/49095777.html,,,,,,,,,,,,,,,,0,
35664,https://krasnoyarsk.drom.ru/subaru/forester/48589867.html,,,,,,,,,,,,,,,,0,
35665,https://abakan.drom.ru/subaru/forester/48671765.html,,,,,,,,,,,,,,,,0,
35666,https://barnaul.drom.ru/subaru/legacy_b4/49094574.html,,,,,,,,,,,,,,,,0,
35667,https://krasnoyarsk.drom.ru/subaru/legacy/49094352.html,,,,,,,,,,,,,,,,0,
35668,https://ulan-ude.drom.ru/subaru/outback/49093947.html,,,,,,,,,,,,,,,,0,
35669,https://angarsk.drom.ru/subaru/impreza_wrx_sti/49071692.html,,,,,,,,,,,,,,,,0,
35670,https://omsk.drom.ru/subaru/impreza_wrx_sti/49093655.html,,,,,,,,,,,,,,,,0,
35671,https://omsk.drom.ru/subaru/impreza_wrx/48933892.html,,,,,,,,,,,,,,,,0,
35672,https://prokopyevsk.drom.ru/subaru/forester/49093366.html,,,,,,,,,,,,,,,,0,
35673,https://novosibirsk.drom.ru/subaru/impreza_wrx/49093244.html,,,,,,,,,,,,,,,,0,
35674,https://irkutsk.drom.ru/subaru/legacy_b4/49092854.html,Subaru,Legacy B4,Иркутск,2001,бензин,2.5,170,механика,4WD,,белый,259000,правый,,,0,420000
35675,https://ust-abakan.drom.ru/subaru/forester/49092803.html,Subaru,Forester,Усть-Абакан,2000,бензин,2.0,240,АКПП,4WD,,черный,250000,правый,"1 поколение, рестайлинг",2.0 S/tb 4WD,1,415000
35676,https://novosibirsk.drom.ru/subaru/impreza/48930904.html,Subaru,Impreza,Новосибирск,2004,бензин,1.5,100,механика,передний,седан,серый,111111,правый,"2 поколение, рестайлинг",1.5 15i limited,0,295000
35677,https://kemerovo.drom.ru/subaru/impreza/46707575.html,Subaru,Impreza,Кемерово,2000,бензин,1.5,100,механика,передний,универсал,серый,290000,правый,2 поколение,,0,240000
35678,https://omsk.drom.ru/subaru/legacy_b4/49092240.html,Subaru,Legacy B4,Омск,2003,бензин,2.0,260,АКПП,4WD,,серый,260000,правый,"3 поколение, рестайлинг",2.0 B4 RSK,0,760000
35679,https://noyabrsk.drom.ru/subaru/legacy_b4/48529403.html,Subaru,Legacy B4,Ноябрьск,2000,бензин,2.0,155,АКПП,4WD,,серый,295000,правый,3 поколение,,0,480000
35680,https://novosibirsk.drom.ru/subaru/legacy/49103028.html,Subaru,Legacy,Новосибирск,2003,бензин,2.0,280,механика,4WD,универсал,серый,198234,правый,4 поколение,2.0 touring wagon GT spec B,1,750000
35681,https://zolotorechensk.drom.ru/subaru/forester/47519485.html,Subaru,Forester,Золотореченск,2000,бензин,2.0,137,АКПП,4WD,,черный,180000,правый,"1 поколение, рестайлинг",2.0 C/20 special 4WD,0,340000
35682,https://ekaterinburg.drom.ru/subaru/forester/48906609.html,Subaru,Forester,Екатеринбург,2003,бензин,2.5,165,механика,4WD,,серебристый,380000,левый,2 поколение,2.5XS MT,0,599000
35683,https://kolpashevo.drom.ru/subaru/forester/48273908.html,Subaru,Forester,Колпашево,2002,бензин,2.0,220,АКПП,4WD,,серый,150000,правый,2 поколение,,0,780000
35684,https://kyzyl.drom.ru/subaru/forester/49102228.html,Subaru,Forester,Кызыл,2003,бензин,2.0,137,АКПП,4WD,,серый,290000,правый,2 поколение,2.0 Cross Sports 2.0i,0,599000
35685,https://biysk.drom.ru/subaru/outback/44775822.html,Subaru,Outback,Бийск,2004,бензин,2.5,165,механика,4WD,универсал,серебристый,300000,левый,3 поколение,,0,605000
35686,https://irkutsk.drom.ru/subaru/impreza/49102094.html,Subaru,Impreza,Иркутск,2001,бензин,1.5,100,АКПП,передний,универсал,серый,450000,правый,2 поколение,1.5 sports wagon I's,1,160000
35687,https://novokuznetsk.drom.ru/subaru/legacy/49101832.html,Subaru,Legacy,Новокузнецк,2003,бензин,3.0,250,АКПП,4WD,универсал,черный,140000,правый,4 поколение,3.0 touring wagon R ADA,0,650000
35688,https://novosibirsk.drom.ru/subaru/legacy/49017128.html,Subaru,Legacy,Новосибирск,2004,бензин,2.0,260,АКПП,4WD,универсал,синий,151500,правый,4 поколение,2.0 touring wagon GT spec B,0,840000
35689,https://irkutsk.drom.ru/subaru/forester/49101527.html,Subaru,Forester,Иркутск,2000,бензин,2.0,240,АКПП,4WD,,черный,247000,правый,"1 поколение, рестайлинг",2.0 S/tb-STi II 4WD,0,700000
35690,https://novosibirsk.drom.ru/subaru/legacy_b4/48589690.html,Subaru,Legacy B4,Новосибирск,2001,бензин,2.0,155,АКПП,4WD,,серый,321118,правый,3 поколение,,1,395000
35691,https://novosibirsk.drom.ru/subaru/legacy_b4/49101346.html,Subaru,Legacy B4,Новосибирск,2004,бензин,2.0,180,АКПП,4WD,,серый,230000,правый,4 поколение,,1,590000
35692,https://artem.drom.ru/subaru/legacy_b4/48876095.html,Subaru,Legacy B4,Артём,2001,бензин,2.5,170,АКПП,4WD,,серый,255000,правый,"3 поколение, рестайлинг",2.5 B4 RS25,0,420000
35693,https://novosibirsk.drom.ru/subaru/legacy_b4/48770813.html,Subaru,Legacy B4,Новосибирск,2001,бензин,2.0,280,автомат,4WD,,красный,300000,правый,,,0,550000
35694,https://biysk.drom.ru/subaru/forester/48767718.html,Subaru,Forester,Бийск,2001,бензин,2.0,137,АКПП,4WD,,фиолетовый,300000,правый,"1 поколение, рестайлинг",2.0 C/20 4WD,0,500000
35695,https://priargunsk.drom.ru/subaru/forester/48766797.html,Subaru,Forester,Приаргунск,2002,бензин,2.0,220,АКПП,4WD,,серебристый,170000,правый,2 поколение,,0,480000
35696,https://krasnoyarsk.drom.ru/subaru/forester/48766281.html,Subaru,Forester,Красноярск,2000,бензин,2.0,137,АКПП,4WD,,серый,410000,правый,"1 поколение, рестайлинг",2.0 S/20 4WD,0,450000
35697,https://novosibirsk.drom.ru/subaru/legacy_b4/48766037.html,Subaru,Legacy B4,Новосибирск,2002,бензин,2.0,137,АКПП,4WD,,черный,117538,правый,"3 поколение, рестайлинг",2.0 B4 S,0,650000
35698,https://tomsk.drom.ru/subaru/forester/48764687.html,Subaru,Forester,Томск,2002,бензин,2.5,165,АКПП,4WD,,красный,155555,левый,2 поколение,2.5XS AT,1,435000
35699,https://omsk.drom.ru/subaru/forester/48917167.html,Subaru,Forester,Омск,2003,бензин,2.0,280,механика,4WD,,синий,252000,левый,,,0,800000
35700,https://sochi.drom.ru/subaru/forester/49116546.html,Subaru,Forester,Сочи,2000,бензин,2.5,165,АКПП,4WD,,красный,310000,левый,1 поколение,,0,340000
35701,https://novosibirsk.drom.ru/subaru/legacy/49053114.html,Subaru,Legacy,Новосибирск,2003,бензин,2.0,180,АКПП,4WD,универсал,белый,271896,правый,4 поколение,2.0 touring wagon R,0,690000
35702,https://spb.drom.ru/subaru/impreza_wrx/49116482.html,Subaru,Impreza WRX,Санкт-Петербург,2001,бензин,2.0,218,механика,4WD,седан,серый,200000,левый,2 поколение,2.0 MT,0,850000
35703,https://omsk.drom.ru/subaru/legacy_b4/46604214.html,Subaru,Legacy B4,Омск,2003,бензин,2.0,140,АКПП,4WD,,синий,130000,правый,4 поколение,,0,647000
35704,https://moscow.drom.ru/subaru/forester/49116278.html,Subaru,Forester,Москва,2004,бензин,2.0,125,АКПП,4WD,,зеленый,332000,левый,2 поколение,,0,585000
35705,https://novosibirsk.drom.ru/subaru/outback/45651373.html,Subaru,Outback,Новосибирск,2003,бензин,3.0,250,АКПП,4WD,универсал,золотистый,132000,правый,3 поколение,3.0 Outback R,0,679000
35706,https://slavyansk-na-kubani.drom.ru/subaru/impreza_wrx_sti/45974101.html,Subaru,Impreza WRX STI,Славянск-На-Кубани,2004,бензин,2.0,265,механика,4WD,седан,,55000,левый,"2 поколение, рестайлинг",,0,1000000
35707,https://barnaul.drom.ru/subaru/forester/48721866.html,Subaru,Forester,Барнаул,2000,бензин,2.0,137,АКПП,4WD,,красный,205647,правый,"1 поколение, рестайлинг",2.0 S/20 4WD,0,370000
35708,https://komsomolsk.drom.ru/subaru/legacy_lancaster/48866238.html,Subaru,Legacy Lancaster,Комсомольск-на-Амуре,2002,бензин,3.0,220,АКПП,4WD,,белый,185,правый,"2 поколение, рестайлинг",3.0 Lancaster 6,0,420000
35709,https://novosibirsk.drom.ru/subaru/forester/49115664.html,Subaru,Forester,Новосибирск,2000,бензин,2.0,240,АКПП,4WD,,черный,216308,правый,"1 поколение, рестайлинг",2.0 S/tb-STi II 4WD,0,550000
35710,https://novosibirsk.drom.ru/subaru/legacy/48853860.html,Subaru,Legacy,Новосибирск,2004,бензин,3.0,250,АКПП,4WD,универсал,черный,257000,правый,4 поколение,3.0 touring wagon R,0,645000
35711,https://novosibirsk.drom.ru/subaru/legacy_b4/48268115.html,Subaru,Legacy B4,Новосибирск,2003,бензин,2.0,180,АКПП,4WD,,черный,200700,правый,4 поколение,2.0 B4 R,0,639000
35712,https://kaluga.drom.ru/subaru/impreza/49115566.html,Subaru,Impreza,Калуга,2000,бензин,2.0,155,механика,4WD,универсал,белый,220000,правый,2 поколение,2.0 sports wagon 20N,1,300000
35713,https://novosibirsk.drom.ru/subaru/forester/49115513.html,Subaru,Forester,Новосибирск,2003,бензин,2.0,220,АКПП,4WD,,серый,302000,правый,2 поколение,2.0 Cross Sports,0,650000
35714,https://ulan-ude.drom.ru/subaru/legacy_b4/49115445.html,Subaru,Legacy B4,Улан-Удэ,2000,бензин,2.0,260,АКПП,4WD,,синий,111111,правый,3 поколение,2.0 B4 RSK,0,150000
35715,https://novosibirsk.drom.ru/subaru/legacy_lancaster/49115010.html,Subaru,Legacy Lancaster,Новосибирск,2000,бензин,2.5,167,АКПП,4WD,,серый,100000,правый,2 поколение,2.5 Lancaster S,0,219000
35716,https://ussuriisk.drom.ru/subaru/legacy_b4/46488594.html,Subaru,Legacy B4,Уссурийск,2003,бензин,2.0,190,автомат,4WD,,синий,320000,правый,,,0,485000
35717,https://barnaul.drom.ru/subaru/impreza/48168693.html,Subaru,Impreza,Барнаул,2001,бензин,1.5,100,АКПП,передний,универсал,синий,196000,правый,2 поколение,,0,329000
35718,https://bratsk.drom.ru/subaru/forester/48986385.html,Subaru,Forester,Братск,2000,бензин,2.0,137,АКПП,4WD,,белый,300000,правый,"1 поколение, рестайлинг",2.0 S/20 4WD,0,445000
35719,https://barnaul.drom.ru/subaru/outback/48969880.html,Subaru,Outback,Барнаул,2004,бензин,2.5,165,АКПП,4WD,универсал,синий,225000,левый,2 поколение,2.5 AT,0,465000
35720,https://krasnoyarsk.drom.ru/subaru/legacy/45094015.html,Subaru,Legacy,Красноярск,2004,бензин,2.0,140,АКПП,4WD,универсал,серый,167000,правый,4 поколение,2.0 touring wagon i,0,519000
35721,https://irkutsk.drom.ru/subaru/legacy/47655747.html,Subaru,Legacy,Иркутск,2004,бензин,2.0,180,АКПП,4WD,универсал,черный,169000,правый,4 поколение,2.0 touring wagon R,0,500000
35722,https://vladivostok.drom.ru/subaru/legacy_b4/48919136.html,Subaru,Legacy B4,Владивосток,2000,бензин,2.0,155,АКПП,4WD,,серый,200000,правый,3 поколение,2.0 B4 RS,0,400000
35723,https://novosibirsk.drom.ru/subaru/forester/48153238.html,Subaru,Forester,Новосибирск,2003,бензин,2.0,125,АКПП,4WD,,серебристый,333730,левый,2 поколение,,0,550000
35724,https://barnaul.drom.ru/subaru/legacy_lancaster/48745545.html,Subaru,Legacy Lancaster,Барнаул,2000,бензин,3.0,220,АКПП,4WD,,серый,350000,правый,2 поколение,3.0 Lancaster 6,0,415000
35725,https://novosibirsk.drom.ru/subaru/impreza/49122648.html,Subaru,Impreza,Новосибирск,2000,бензин,1.5,95,АКПП,передний,универсал,белый,280,правый,"1 поколение, рестайлинг",,0,180000
35726,https://vladivostok.drom.ru/subaru/legacy_lancaster/49122620.html,Subaru,Legacy Lancaster,Владивосток,2001,бензин,2.5,170,АКПП,4WD,,зеленый,180000,правый,"2 поколение, рестайлинг",,0,550000
35727,https://vladivostok.drom.ru/subaru/legacy/48751317.html,Subaru,Legacy,Владивосток,2000,бензин,2.0,137,АКПП,4WD,универсал,белый,150000,правый,3 поколение,2.0 touring wagon TX-G,0,375000
35728,https://vladivostok.drom.ru/subaru/traviq/49080478.html,Subaru,Traviq,Владивосток,2001,бензин,2.2,147,автомат,передний,,белый,125000,левый,,,0,345000
35729,https://komsomolsk.drom.ru/subaru/traviq/48738407.html,Subaru,Traviq,Комсомольск-на-Амуре,2003,бензин,2.2,147,АКПП,передний,,серый,148800,правый,1 поколение,2.2 SL package,0,405000
35730,https://vladivostok.drom.ru/subaru/forester/48256445.html,Subaru,Forester,Владивосток,2000,бензин,2.0,240,механика,4WD,,серебристый,350000,правый,"1 поколение, рестайлинг",2.0 S/tb 4WD,0,410000
35731,https://ekaterinburg.drom.ru/subaru/forester/48794729.html,,,,,,,,,,,,,,,,0,
35732,https://gorno-altaysk.drom.ru/subaru/forester/48793229.html,Subaru,Forester,Горно-Алтайск,2003,бензин,2.0,220,механика,4WD,,красный,230000,правый,2 поколение,2.0 XT,0,750000
35733,https://chelyabinsk.drom.ru/subaru/forester/48791407.html,Subaru,Forester,Челябинск,2004,бензин,2.5,265,механика,4WD,,синий,254000,правый,2 поколение,2.5 STi version,0,899000
35734,https://gorno-altaysk.drom.ru/subaru/legacy_b4/48790980.html,Subaru,Legacy B4,Горно-Алтайск,2000,бензин,2.0,155,механика,4WD,,синий,201492,правый,3 поколение,2.0 B4 RS type B,0,300000
35735,https://tomsk.drom.ru/subaru/outback/48790581.html,Subaru,Outback,Томск,2003,бензин,3.0,209,АКПП,4WD,универсал,зеленый,191100,левый,2 поколение,3.0 AT H6,0,690000
35736,https://krasnoyarsk.drom.ru/subaru/outback/48790109.html,Subaru,Outback,Красноярск,2003,бензин,2.5,165,АКПП,4WD,универсал,серебристый,148000,правый,3 поколение,2.5 Outback i,0,650000
35737,https://ulan-ude.drom.ru/subaru/impreza/48789124.html,Subaru,Impreza,Улан-Удэ,2002,бензин,1.5,100,АКПП,передний,универсал,голубой,42000,правый,"2 поколение, рестайлинг",1.5 sports wagon 15i,0,390000
35738,https://slavgorod.drom.ru/subaru/outback/48787780.html,Subaru,Outback,Славгород,2004,бензин,2.5,165,АКПП,4WD,универсал,серый,235000,правый,3 поколение,,0,709900
35739,https://tomsk.drom.ru/subaru/legacy/49119686.html,Subaru,Legacy,Томск,2003,бензин,2.0,190,механика,4WD,универсал,черный,252950,правый,4 поколение,2.0 touring wagon R,0,600000
35740,https://ulan-ude.drom.ru/subaru/legacy_b4/49119624.html,Subaru,Legacy B4,Улан-Удэ,2003,бензин,2.0,280,автомат,4WD,,синий,55000,правый,,,0,650000
35741,https://vladivostok.drom.ru/subaru/legacy/49119524.html,Subaru,Legacy,Владивосток,2003,бензин,2.0,140,АКПП,4WD,универсал,серый,200000,правый,4 поколение,2.0 touring wagon i,1,465000
35742,https://irkutsk.drom.ru/subaru/forester/49064494.html,Subaru,Forester,Иркутск,2004,бензин,2.0,220,механика,4WD,,,200000,правый,2 поколение,,0,250000
35743,https://krasnoyarsk.drom.ru/subaru/forester/48721412.html,Subaru,Forester,Красноярск,2002,бензин,2.0,220,механика,4WD,,серый,155000,правый,2 поколение,2.0 XT,0,717000
35744,https://kemerovo.drom.ru/subaru/forester/46523133.html,Subaru,Forester,Кемерово,2001,бензин,2.0,125,АКПП,4WD,,бордовый,100000,левый,"1 поколение, рестайлинг",2.0 AT,0,440000
35745,https://abakan.drom.ru/subaru/impreza/49119002.html,Subaru,Impreza,Абакан,2000,бензин,1.5,95,АКПП,передний,седан,синий,420000,правый,"1 поколение, рестайлинг",1.5 CS extra,0,240000
35746,https://omsk.drom.ru/subaru/legacy/49118783.html,Subaru,Legacy,Омск,2001,бензин,2.0,137,АКПП,4WD,универсал,серый,262000,правый,3 поколение,,1,300000
35747,https://irkutsk.drom.ru/subaru/forester/48683780.html,Subaru,Forester,Иркутск,2002,бензин,2.5,165,АКПП,4WD,,зеленый,190000,левый,2 поколение,2.5XS AT Premium,0,560000
35748,https://vladivostok.drom.ru/subaru/legacy_b4/48112820.html,Subaru,Legacy B4,Владивосток,2003,бензин,2.0,280,механика,4WD,,черный,93000,правый,4 поколение,2.0 B4 GT,0,800000
35749,https://barnaul.drom.ru/subaru/forester/48667194.html,Subaru,Forester,Барнаул,2003,бензин,2.0,125,АКПП,4WD,,серебристый,200000,левый,2 поколение,2.0X AT MQ,0,615000
35750,https://gubkinskiy.drom.ru/subaru/forester/49117777.html,Subaru,Forester,Губкинский,2000,бензин,2.0,137,АКПП,4WD,,серый,225000,правый,"1 поколение, рестайлинг",2.0 C/20 4WD,1,370000
35751,https://chita.drom.ru/subaru/impreza/48997885.html,Subaru,Impreza,Чита,2000,бензин,1.5,100,автомат,4WD,седан,синий,348000,правый,,,0,300000
35752,https://chita.drom.ru/subaru/forester/47595449.html,Subaru,Forester,Чита,2000,бензин,2.0,240,АКПП,4WD,,белый,200000,правый,"1 поколение, рестайлинг",2.0 S/tb 4WD,0,650000
35753,https://kerch.drom.ru/subaru/impreza_wrx/45511697.html,Subaru,Impreza WRX,Керчь,2002,бензин,2.0,218,механика,4WD,универсал,красный,255100,левый,2 поколение,2.0 MT,0,449000
35754,https://habarovsk.drom.ru/subaru/legacy_b4/48383028.html,Subaru,Legacy B4,Хабаровск,2000,бензин,2.0,155,АКПП,4WD,,серый,245000,правый,3 поколение,,0,365000
35755,https://achinsk.drom.ru/subaru/legacy_b4/47577627.html,Subaru,Legacy B4,Ачинск,2003,бензин,2.0,190,механика,4WD,,черный,94000,правый,4 поколение,2.0 B4 R,0,615000
35756,https://novosibirsk.drom.ru/subaru/forester/49117127.html,Subaru,Forester,Новосибирск,2000,бензин,2.0,137,АКПП,4WD,,серый,170000,правый,"1 поколение, рестайлинг",2.0 C/20 4WD,0,419000
35757,https://moscow.drom.ru/subaru/forester/48920470.html,Subaru,Forester,Москва,2003,бензин,2.0,177,АКПП,4WD,,зеленый,200000,левый,2 поколение,,0,400000
35758,https://chernyshevsk.drom.ru/subaru/legacy_b4/49116821.html,Subaru,Legacy B4,Чернышевск,2000,бензин,2.0,280,механика,4WD,,серый,260000,правый,3 поколение,,0,450000
35759,https://irkutsk.drom.ru/subaru/impreza/49111887.html,Subaru,Impreza,Иркутск,2004,бензин,1.5,100,АКПП,передний,универсал,серый,27,правый,"2 поколение, рестайлинг",,0,370000
35760,https://yuzhno-sakhalinsk.drom.ru/subaru/outback/49111674.html,Subaru,Outback,Южно-Сахалинск,2003,бензин,3.0,250,АКПП,4WD,универсал,золотистый,230000,правый,3 поколение,,0,650000
35761,https://novosibirsk.drom.ru/subaru/forester/47361523.html,Subaru,Forester,Новосибирск,2002,бензин,2.0,137,АКПП,4WD,,черный,190000,правый,2 поколение,2.0 X20,0,575000
35762,https://ulyanovsk.drom.ru/subaru/legacy_b4/48782645.html,Subaru,Legacy B4,Ульяновск,2003,бензин,2.0,180,АКПП,4WD,,черный,262000,правый,4 поколение,,0,560000
35763,https://kopeysk.drom.ru/subaru/legacy/48779743.html,Subaru,Legacy,Копейск,2003,бензин,3.0,250,АКПП,4WD,универсал,серый,380000,правый,4 поколение,,0,475000
35764,https://kolomna.drom.ru/subaru/legacy/48779744.html,Subaru,Legacy,Коломна,2000,бензин,2.0,125,АКПП,4WD,универсал,синий,450000,левый,3 поколение,,0,250000
35765,https://simferopol.drom.ru/subaru/forester/48779705.html,,,,,,,,,,,,,,,,0,
35766,https://iskitim.drom.ru/subaru/forester/48778396.html,Subaru,Forester,Искитим,2003,бензин,2.0,137,АКПП,4WD,,зеленый,216000,правый,2 поколение,2.0 X,1,550000
35767,https://voronezh.drom.ru/subaru/legacy/48777157.html,Subaru,Legacy,Воронеж,2003,бензин,2.0,180,АКПП,4WD,универсал,белый,254444,правый,4 поколение,2.0 touring wagon R,0,510000
35768,https://osinniki.drom.ru/subaru/impreza_wrx/48776498.html,Subaru,Impreza WRX,Осинники,2002,бензин,2.0,155,АКПП,4WD,седан,синий,235143,правый,2 поколение,2.0 WRX NA 4WD,0,535000
35769,https://omsk.drom.ru/subaru/legacy_b4/48775338.html,Subaru,Legacy B4,Омск,2000,бензин,2.0,155,АКПП,4WD,,серый,252000,правый,3 поколение,,0,335000
35770,https://petropavlovsk-kamchatskiy.drom.ru/subaru/forester/48773074.html,Subaru,Forester,Петропавловск-Камчатский,2001,бензин,2.0,137,АКПП,4WD,,белый,340000,правый,"1 поколение, рестайлинг",,0,470000
35771,https://kiselevsk.drom.ru/subaru/forester/48433308.html,Subaru,Forester,Киселёвск,2003,бензин,2.5,165,АКПП,4WD,,зеленый,195000,левый,2 поколение,2.5X AT,0,600000
35772,https://neryungri.drom.ru/subaru/legacy_b4/48432689.html,Subaru,Legacy B4,Нерюнгри,2000,бензин,2.0,155,АКПП,4WD,,черный,10000,правый,3 поколение,2.0 B4 RS,0,315000
35773,https://omsk.drom.ru/subaru/legacy_b4/48432364.html,Subaru,Legacy B4,Омск,2001,бензин,2.0,155,АКПП,4WD,,белый,311000,правый,"3 поколение, рестайлинг",2.0 B4 RS,0,370000
35774,https://irkutsk.drom.ru/subaru/legacy/48431654.html,Subaru,Legacy,Иркутск,2001,бензин,2.0,137,АКПП,4WD,универсал,серый,100000,правый,"3 поколение, рестайлинг",,0,380000
35775,https://novosibirsk.drom.ru/subaru/forester/48429349.html,Subaru,Forester,Новосибирск,2004,бензин,2.0,137,АКПП,4WD,,белый,292384,правый,2 поколение,2.0 X20 L.L.Bean edition,0,650000
35776,https://chita.drom.ru/subaru/forester/48427938.html,Subaru,Forester,Чита,2003,бензин,2.0,220,АКПП,4WD,,серебристый,15000,правый,2 поколение,,0,600000
35777,https://mezhdurechensk.drom.ru/subaru/legacy_lancaster/48380191.html,Subaru,Legacy Lancaster,Междуреченск,2000,бензин,3.0,220,АКПП,4WD,,белый,298000,правый,2 поколение,3.0 Lancaster 6,0,450000
35778,https://tomsk.drom.ru/subaru/outback/48377542.html,Subaru,Outback,Томск,2004,бензин,2.5,165,АКПП,4WD,универсал,черный,168000,левый,3 поколение,,0,650000
35779,https://eiysk.drom.ru/subaru/forester/49127670.html,Subaru,Forester,Ейск,2001,бензин,2.5,165,АКПП,4WD,,серебристый,201000,левый,"1 поколение, рестайлинг",2.5 AT L,0,430000
35780,https://novokuznetsk.drom.ru/subaru/forester/49127473.html,Subaru,Forester,Новокузнецк,2001,бензин,2.0,137,АКПП,4WD,,красный,270000,правый,"1 поколение, рестайлинг",,0,455000
35781,https://omsk.drom.ru/subaru/impreza/48982881.html,Subaru,Impreza,Омск,2003,бензин,1.5,100,АКПП,4WD,универсал,серый,249965,правый,"2 поколение, рестайлинг",1.5 sports wagon 15i,0,380000
35782,https://iskitim.drom.ru/subaru/forester/49065830.html,Subaru,Forester,Искитим,2000,бензин,2.0,137,АКПП,4WD,,серый,245000,правый,"1 поколение, рестайлинг",2.0 S/20 4WD,0,480000
35783,https://angarsk.drom.ru/subaru/legacy_b4/48787692.html,Subaru,Legacy B4,Ангарск,2004,бензин,3.0,250,АКПП,4WD,,черный,200000,правый,4 поколение,3.0 B4 R Ivory Leather selection,0,700000
35784,https://novosibirsk.drom.ru/subaru/impreza_wrx_sti/47404667.html,Subaru,Impreza WRX STI,Новосибирск,2004,бензин,2.0,265,механика,4WD,седан,синий,125000,левый,"2 поколение, рестайлинг",2.0 Turbo STI-MT,0,999999
35785,https://novosibirsk.drom.ru/subaru/forester/47809889.html,Subaru,Forester,Новосибирск,2000,бензин,2.0,240,АКПП,4WD,,красный,228300,правый,"1 поколение, рестайлинг",2.0 S/tb 4WD,0,540000
35786,https://novosibirsk.drom.ru/subaru/impreza/49127079.html,Subaru,Impreza,Новосибирск,2002,бензин,1.5,100,АКПП,передний,универсал,серый,230000,правый,2 поколение,1.5 sports wagon I's,0,340000
35787,https://nakhodka.drom.ru/subaru/forester/49126850.html,Subaru,Forester,Находка,2001,бензин,2.0,240,АКПП,4WD,,,222000,правый,"1 поколение, рестайлинг",2.0 S/tb 4WD,0,800000
35788,https://chehov.drom.ru/subaru/forester/49126772.html,,,,,,,,,,,,,,,,0,
35789,https://blagoveshchensk.drom.ru/subaru/impreza_wrx_sti/48710121.html,Subaru,Impreza WRX STI,Благовещенск,2004,бензин,2.0,265,механика,4WD,седан,синий,110000,левый,"2 поколение, рестайлинг",2.0 Turbo STI-MT,0,700000
35790,https://novokuznetsk.drom.ru/subaru/impreza/48784881.html,Subaru,Impreza,Новокузнецк,2003,бензин,1.5,100,АКПП,передний,универсал,серый,215000,правый,"2 поколение, рестайлинг",,0,300000
35791,https://novosibirsk.drom.ru/subaru/impreza_wrx/47847387.html,Subaru,Impreza WRX,Новосибирск,2002,бензин,2.0,250,механика,4WD,седан,синий,270000,правый,2 поколение,,0,450000
35792,https://novosibirsk.drom.ru/subaru/forester/48747003.html,Subaru,Forester,Новосибирск,2003,бензин,2.0,137,АКПП,4WD,,красный,178000,правый,2 поколение,,0,550000
35793,https://blagoveshchensk.drom.ru/subaru/legacy_b4/48890404.html,Subaru,Legacy B4,Благовещенск,2003,бензин,2.0,260,АКПП,4WD,,синий,200000,правый,4 поколение,2.0 B4 GT,1,370000
35794,https://irkutsk.drom.ru/subaru/impreza/49125936.html,Subaru,Impreza,Иркутск,2001,бензин,1.5,100,механика,4WD,универсал,синий,200000,правый,2 поколение,,1,307000
35795,https://vanino.drom.ru/subaru/legacy_b4/49125537.html,Subaru,Legacy B4,Ванино,2003,бензин,2.0,260,АКПП,4WD,,серый,147000,правый,4 поколение,2.0 B4 GT spec B,0,250000
35796,https://habarovsk.drom.ru/subaru/pleo/48540039.html,Subaru,Pleo,Хабаровск,2001,бензин,0.7,45,вариатор,передний,хэтчбек 5 дв.,белый,200000,правый,"1 поколение, рестайлинг",660 A,0,165000
35797,https://kemerovo.drom.ru/subaru/forester/48588166.html,,,,,,,,,,,,,,,,0,
35798,https://habarovsk.drom.ru/subaru/pleo/49125216.html,Subaru,Pleo,Хабаровск,2003,бензин,0.7,46,вариатор,4WD,хэтчбек 5 дв.,серебристый,203000,правый,"1 поколение, 2 рестайлинг",,1,50000
35799,https://krasnoyarsk.drom.ru/subaru/forester/48787214.html,,,,,,,,,,,,,,,,0,
35800,https://tver.drom.ru/subaru/outback/48787217.html,,,,,,,,,,,,,,,,0,
35801,https://tashtagol.drom.ru/subaru/forester/48785164.html,,,,,,,,,,,,,,,,0,
35802,https://gelendzhik.drom.ru/subaru/impreza/48446715.html,,,,,,,,,,,,,,,,0,
35803,https://spb.drom.ru/subaru/legacy_lancaster/48445195.html,,,,,,,,,,,,,,,,0,
35804,https://mochishche.drom.ru/subaru/impreza/48443661.html,,,,,,,,,,,,,,,,0,
35805,https://kemerovo.drom.ru/subaru/forester/48443452.html,,,,,,,,,,,,,,,,0,
35806,https://novosibirsk.drom.ru/subaru/forester/48439588.html,,,,,,,,,,,,,,,,0,
35807,https://gorno-altaysk.drom.ru/subaru/forester/48438906.html,,,,,,,,,,,,,,,,0,
35808,https://irkutsk.drom.ru/subaru/legacy_b4/48438127.html,,,,,,,,,,,,,,,,0,
35809,https://tyumen.drom.ru/subaru/impreza_wrx/48180953.html,,,,,,,,,,,,,,,,0,
35810,https://moscow.drom.ru/subaru/impreza/48101952.html,,,,,,,,,,,,,,,,0,
35811,https://vladivostok.drom.ru/subaru/forester/48098944.html,,,,,,,,,,,,,,,,0,
35812,https://kemerovo.drom.ru/subaru/forester/48097174.html,,,,,,,,,,,,,,,,0,
35813,https://krasnoyarsk.drom.ru/subaru/legacy/48096112.html,,,,,,,,,,,,,,,,0,
35814,https://elizovo.drom.ru/subaru/forester/47830644.html,,,,,,,,,,,,,,,,0,
35815,https://blagoveshchensk.drom.ru/subaru/legacy_b4/47787335.html,,,,,,,,,,,,,,,,0,
35816,https://cheboksary.drom.ru/subaru/forester/47760033.html,,,,,,,,,,,,,,,,0,
35817,https://novosibirsk.drom.ru/subaru/impreza/47432549.html,,,,,,,,,,,,,,,,0,
35818,https://sochi.drom.ru/subaru/forester/47426463.html,,,,,,,,,,,,,,,,0,
35819,https://omsk.drom.ru/subaru/forester/48088193.html,,,,,,,,,,,,,,,,0,
35820,https://moscow.drom.ru/subaru/forester/48087190.html,,,,,,,,,,,,,,,,0,
35821,https://kirensk.drom.ru/subaru/impreza/48085797.html,,,,,,,,,,,,,,,,0,
35822,https://irkutsk.drom.ru/subaru/legacy_lancaster/47915077.html,,,,,,,,,,,,,,,,0,
35823,https://irkutsk.drom.ru/subaru/outback/47750689.html,,,,,,,,,,,,,,,,0,
35824,https://ordynskoe.drom.ru/subaru/outback/47454130.html,,,,,,,,,,,,,,,,0,
35825,https://karasuk.drom.ru/subaru/forester/47422395.html,,,,,,,,,,,,,,,,0,
35826,https://vladivostok.drom.ru/subaru/impreza/47415395.html,,,,,,,,,,,,,,,,0,
35827,https://verhniy-tagil.drom.ru/subaru/outback/47413574.html,,,,,,,,,,,,,,,,0,
35828,https://magadan.drom.ru/subaru/impreza_wrx/47077490.html,,,,,,,,,,,,,,,,0,
35829,https://krasnoyarsk.drom.ru/subaru/forester/47077966.html,,,,,,,,,,,,,,,,0,
35830,https://kamen-rybolov.drom.ru/subaru/legacy_b4/47053332.html,,,,,,,,,,,,,,,,0,
35831,https://chita.drom.ru/subaru/legacy_b4/47038391.html,,,,,,,,,,,,,,,,0,
35832,https://novosibirsk.drom.ru/subaru/legacy_b4/45097420.html,,,,,,,,,,,,,,,,0,
35833,https://yurga.drom.ru/subaru/forester/49110687.html,,,,,,,,,,,,,,,,0,
35834,https://novosibirsk.drom.ru/subaru/legacy_b4/49110176.html,,,,,,,,,,,,,,,,0,
35835,https://novosibirsk.drom.ru/subaru/legacy_b4/48214302.html,,,,,,,,,,,,,,,,0,
35836,https://novokuznetsk.drom.ru/subaru/forester/49109413.html,,,,,,,,,,,,,,,,0,
35837,https://novosibirsk.drom.ru/subaru/legacy_b4/49109158.html,,,,,,,,,,,,,,,,0,
35838,https://moscow.drom.ru/subaru/r2/49108861.html,,,,,,,,,,,,,,,,0,
35839,https://krasnoyarsk.drom.ru/subaru/impreza/47478947.html,,,,,,,,,,,,,,,,0,
35840,https://tomsk.drom.ru/subaru/forester/47392895.html,,,,,,,,,,,,,,,,0,
35841,https://moscow.drom.ru/subaru/outback/47055051.html,,,,,,,,,,,,,,,,0,
35842,https://ussuriisk.drom.ru/subaru/forester/47046286.html,,,,,,,,,,,,,,,,0,
35843,https://irkutsk.drom.ru/subaru/legacy/46945296.html,,,,,,,,,,,,,,,,0,
35844,https://ussuriisk.drom.ru/subaru/forester/46656281.html,,,,,,,,,,,,,,,,0,
35845,https://novosibirsk.drom.ru/subaru/legacy_b4/46402318.html,,,,,,,,,,,,,,,,0,
35846,https://barnaul.drom.ru/subaru/impreza_wrx/45898709.html,,,,,,,,,,,,,,,,0,
35847,https://barnaul.drom.ru/subaru/forester/45775229.html,,,,,,,,,,,,,,,,0,
35848,https://nizhnevartovsk.drom.ru/subaru/outback/45304282.html,,,,,,,,,,,,,,,,0,
35849,https://barnaul.drom.ru/subaru/forester/49099707.html,,,,,,,,,,,,,,,,0,
35850,https://iskitim.drom.ru/subaru/legacy/47372782.html,,,,,,,,,,,,,,,,0,
35851,https://usoliye-sibirskoe.drom.ru/subaru/forester/49098880.html,,,,,,,,,,,,,,,,0,
35852,https://irkutsk.drom.ru/subaru/legacy_b4/49098410.html,,,,,,,,,,,,,,,,0,
35853,https://irkutsk.drom.ru/subaru/impreza_wrx/48635409.html,,,,,,,,,,,,,,,,0,
35854,https://krasnoyarsk.drom.ru/subaru/legacy/47627903.html,,,,,,,,,,,,,,,,0,
35855,https://chita.drom.ru/subaru/legacy_b4/49098120.html,,,,,,,,,,,,,,,,0,
35856,https://novosibirsk.drom.ru/subaru/impreza/49097044.html,,,,,,,,,,,,,,,,0,
35857,https://irkutsk.drom.ru/subaru/legacy_b4/49096415.html,,,,,,,,,,,,,,,,0,
35858,https://magadan.drom.ru/subaru/forester/49096631.html,,,,,,,,,,,,,,,,0,
35859,https://moscow.drom.ru/subaru/legacy/48404438.html,,,,,,,,,,,,,,,,0,
35860,https://novosibirsk.drom.ru/subaru/impreza/48404239.html,,,,,,,,,,,,,,,,0,
35861,https://barnaul.drom.ru/subaru/legacy/48402065.html,,,,,,,,,,,,,,,,0,
35862,https://kansk.drom.ru/subaru/forester/48401833.html,,,,,,,,,,,,,,,,0,
35863,https://petropavlovsk-kamchatskiy.drom.ru/subaru/forester/48399507.html,,,,,,,,,,,,,,,,0,
35864,https://prokopyevsk.drom.ru/subaru/forester/48398916.html,,,,,,,,,,,,,,,,0,
35865,https://sochi.drom.ru/subaru/legacy/48397173.html,,,,,,,,,,,,,,,,0,
35866,https://krasnoyarsk.drom.ru/subaru/forester/48393819.html,,,,,,,,,,,,,,,,0,
35867,https://sherlovaya-gora.drom.ru/subaru/r2/48051493.html,,,,,,,,,,,,,,,,0,
35868,https://irkutsk.drom.ru/subaru/forester/48050023.html,,,,,,,,,,,,,,,,0,
35869,https://novosibirsk.drom.ru/subaru/legacy_b4/47721042.html,,,,,,,,,,,,,,,,0,
35870,https://magadan.drom.ru/subaru/legacy/47719362.html,,,,,,,,,,,,,,,,0,
35871,https://biysk.drom.ru/subaru/traviq/47718231.html,,,,,,,,,,,,,,,,0,
35872,https://krasnoyarsk.drom.ru/subaru/impreza/47716797.html,,,,,,,,,,,,,,,,0,
35873,https://vladivostok.drom.ru/subaru/impreza/47714917.html,,,,,,,,,,,,,,,,0,
35874,https://tomsk.drom.ru/subaru/forester/47713356.html,,,,,,,,,,,,,,,,0,
35875,https://irkutsk.drom.ru/subaru/forester/47712479.html,,,,,,,,,,,,,,,,0,
35876,https://barnaul.drom.ru/subaru/forester/47383915.html,,,,,,,,,,,,,,,,0,
35877,https://ulan-ude.drom.ru/subaru/legacy_lancaster/47267483.html,,,,,,,,,,,,,,,,0,
35878,https://sharypovo.drom.ru/subaru/legacy/47039717.html,,,,,,,,,,,,,,,,0,
35879,https://barnaul.drom.ru/subaru/forester/49012363.html,,,,,,,,,,,,,,,,0,
35880,https://irkutsk.drom.ru/subaru/impreza/48342833.html,,,,,,,,,,,,,,,,0,
35881,https://biysk.drom.ru/subaru/forester/46562582.html,,,,,,,,,,,,,,,,0,
35882,https://vladivostok.drom.ru/subaru/legacy_lancaster/47828030.html,,,,,,,,,,,,,,,,0,
35883,https://shelehov.drom.ru/subaru/legacy_lancaster/49050943.html,,,,,,,,,,,,,,,,0,
35884,https://chita.drom.ru/subaru/legacy_b4/49050928.html,,,,,,,,,,,,,,,,0,
35885,https://chita.drom.ru/subaru/forester/49050918.html,,,,,,,,,,,,,,,,0,
35886,https://chita.drom.ru/subaru/forester/49050841.html,,,,,,,,,,,,,,,,0,
35887,https://habarovsk.drom.ru/subaru/forester/48841321.html,,,,,,,,,,,,,,,,0,
35888,https://partizansk.drom.ru/subaru/forester/49047479.html,,,,,,,,,,,,,,,,0,
35889,https://blagoveshchensk.drom.ru/subaru/outback/47588395.html,,,,,,,,,,,,,,,,0,
35890,https://ekaterinburg.drom.ru/subaru/r2/48716717.html,,,,,,,,,,,,,,,,0,
35891,https://gorno-altaysk.drom.ru/subaru/legacy_b4/48715463.html,,,,,,,,,,,,,,,,0,
35892,https://barnaul.drom.ru/subaru/impreza/48714717.html,,,,,,,,,,,,,,,,0,
35893,https://murmansk.drom.ru/subaru/forester/48714665.html,,,,,,,,,,,,,,,,0,
35894,https://sevastopol.drom.ru/subaru/forester/48713465.html,,,,,,,,,,,,,,,,0,
35895,https://novosibirsk.drom.ru/subaru/forester/48711134.html,,,,,,,,,,,,,,,,0,
35896,https://cheremhovo.drom.ru/subaru/forester/48710394.html,,,,,,,,,,,,,,,,0,
35897,https://novosibirsk.drom.ru/subaru/r2/48710163.html,,,,,,,,,,,,,,,,0,
35898,https://moscow.drom.ru/subaru/impreza_wrx/48706378.html,,,,,,,,,,,,,,,,0,
35899,https://spb.drom.ru/subaru/legacy_b4/48739276.html,,,,,,,,,,,,,,,,0,
35900,https://novosibirsk.drom.ru/subaru/r2/48738632.html,,,,,,,,,,,,,,,,0,
35901,https://novosibirsk.drom.ru/subaru/forester/48737003.html,,,,,,,,,,,,,,,,0,
35902,https://novosibirsk.drom.ru/subaru/legacy_b4/48735677.html,,,,,,,,,,,,,,,,0,
35903,https://batetskiy.drom.ru/subaru/r2/48734687.html,,,,,,,,,,,,,,,,0,
35904,https://chita.drom.ru/subaru/legacy_b4/48526991.html,,,,,,,,,,,,,,,,0,
35905,https://kemerovo.drom.ru/subaru/legacy_b4/48391678.html,,,,,,,,,,,,,,,,0,
35906,https://ekaterinburg.drom.ru/subaru/impreza/48389077.html,,,,,,,,,,,,,,,,0,
35907,https://moscow.drom.ru/subaru/impreza_wrx/48387791.html,,,,,,,,,,,,,,,,0,
35908,https://irkutsk.drom.ru/subaru/impreza/48384170.html,,,,,,,,,,,,,,,,0,
35909,https://ekaterinburg.drom.ru/subaru/impreza_wrx/48383671.html,,,,,,,,,,,,,,,,0,
35910,https://irkutsk.drom.ru/subaru/legacy_lancaster/48382207.html,,,,,,,,,,,,,,,,0,
35911,https://novosibirsk.drom.ru/subaru/legacy_b4/48382221.html,,,,,,,,,,,,,,,,0,
35912,https://novosibirsk.drom.ru/subaru/outback/48047691.html,,,,,,,,,,,,,,,,0,
35913,https://krasnoyarsk.drom.ru/subaru/legacy/48044807.html,,,,,,,,,,,,,,,,0,
35914,https://krasnoyarsk.drom.ru/subaru/legacy_b4/48043588.html,,,,,,,,,,,,,,,,0,
35915,https://novosibirsk.drom.ru/subaru/impreza_wrx_sti/48040590.html,,,,,,,,,,,,,,,,0,
